# Pedestal database file for solid hallc beamtest
# use '#' to comment  anything behind it in the same line will be ignored
# This file contains multiple blocks  each block starts with 'BlockStart={' and end with 'BlockEnd=}'
# Multiple lines of Data will be appended into the memory
# Lines without'=' will be ignored  characters after ';' will also be ignored

#peak position for trig type 1-6  for runs 3944-4022 only (202301120-20230119 data set)  bit 4 5 6 are not available
BlockStart={
DetName = FADCPeakPos
RunMin = 3898
RunMax = 3905
NChannel = 192
#double kSlot7PeakPos_0112[6][16] = {
Data = 41.5  41.5  41.5  41.5  41.5  40.5  40.5   0.5  41.5  40.5  40.5  41.5  41.5  41.5  41.5  41.5
Data =  0.5   0.5   0.5   0.5   0.5   0.5   0.5   0.5   0.5   0.5   0.5   0.5   0.5   0.5   0.5   0.5 
Data =  0.5   0.5   0.5   0.5   0.5   0.5   0.5   0.5   0.5   0.5   0.5   0.5   0.5   0.5   0.5   0.5 
Data = 44.5  43.5  44.5  44.5  43.5  43.5  43.5   0.5  44.5  43.5  43.5  44.5  43.5  44.5  44.5  43.5
Data = 40.5  40.5  40.5  40.5  40.5  40.5  40.5   0.5  40.5  40.5  40.5  40.5  40.5  40.5  40.5  40.5
Data = 44.5  43.5  44.5  44.5  43.5  43.5  43.5   0.5  44.5  43.5  43.5  44.5  43.5  44.5  44.5  43.5
#double kSlot8PeakPos_0112[6][16] = {
Data = 26.5   0.5  25.5   0.5   0.5   0.5   0.5  22.5  21.5  22.5   0.5   0.5   0.5  24.5   1.5  70.5 
Data = 26.5   0.5  25.5   0.5   0.5   0.5   0.5  22.5  21.5  22.5   0.5   0.5   0.5  24.5   1.5  70.5 
Data = 26.5   0.5  26.5   0.5   0.5   0.5   0.5  23.5  22.5  23.5   0.5   0.5   0.5  25.5   1.5  70.5 
Data = 26.5   0.5  25.5   0.5   0.5   0.5   0.5  22.5  21.5  22.5   0.5   0.5   0.5  24.5   1.5  70.5 
Data = 26.5   0.5  25.5   0.5   0.5   0.5   0.5  22.5  21.5  22.5   0.5   0.5   0.5  24.5   1.5  70.5 
Data = 26.5   0.5  25.5   0.5   0.5   0.5   0.5  22.5  21.5  22.5   0.5   0.5   0.5  24.5   1.5  70.5 
BlockEnd=}

#peak position for trig type 1-6  for runs 3944-4022 only (202301120-20230119 data set)  bit 4 5 6 are not available
BlockStart={
DetName = FADCPeakPos
RunMin = 3906
RunMax = 4022
NChannel = 192
#double kSlot7PeakPos_0112[6][16] = {
Data = 41.5  41.5  41.5  41.5  41.5  40.5  40.5   0.5  41.5  40.5  40.5  41.5  41.5  41.5  41.5  41.5
Data = 39.5  39.5  39.5  39.5  39.5  38.5  38.5   0.5  39.5  39.5  38.5  39.5  39.5  39.5  39.5  39.5
Data = 40.5  40.5  40.5  40.5  40.5  40.5  40.5   0.5  40.5  40.5  40.5  40.5  40.5  40.5  40.5  40.5
Data = 44.5  43.5  44.5  44.5  43.5  43.5  43.5   0.5  44.5  43.5  43.5  44.5  43.5  44.5  44.5  43.5
Data = 40.5  40.5  40.5  40.5  40.5  40.5  40.5   0.5  40.5  40.5  40.5  40.5  40.5  40.5  40.5  40.5
Data = 44.5  43.5  44.5  44.5  43.5  43.5  43.5   0.5  44.5  43.5  43.5  44.5  43.5  44.5  44.5  43.5
#double kSlot8PeakPos_0112[6][16] = {
Data = 31.5  26.5  28.5  29.5  29.5  28.5  23.5  26.5  26.5  26.5  27.5  27.5  27.5  28.5  29.5  70.5
Data = 29.5  24.5  25.5  26.5  26.5  26.5  21.5  23.5  23.5  23.5  24.5  24.5  24.5  25.5  27.5  70.5
Data = 30.5  25.5  26.5  27.5  27.5  27.5  22.5  24.5  24.5  24.5  25.5  25.5  25.5  26.5  28.5  70.5
Data = 31.5  26.5  34.5  29.5  29.5  28.5  22.5  26.5  25.5  26.5  26.5  27.5  28.5  30.5  28.5  77.5
Data = 30.5  25.5  26.5  27.5  27.5  27.5  22.5  24.5  24.5  24.5  25.5  25.5  25.5  26.5  28.5  70.5
Data = 31.5  26.5  34.5  29.5  29.5  28.5  22.5  26.5  25.5  26.5  26.5  27.5  28.5  30.5  28.5  77.5
BlockEnd=}

#peak position for trig type 1-6  for runs 4023-4066 only (20230120-20230123 data set)  bit 4 5 6 are not available
BlockStart={
DetName = FADCPeakPos
RunMin = 4023
RunMax = 4066
NChannel = 192
#double kSlot7PeakPos_0120[6][16] = {
Data = 41.5  41.5  41.5  41.5  41.5  40.5  40.5   0.5  41.5  40.5  40.5  41.5  41.5  41.5  41.5  41.5
Data = 36.5  36.5  36.5  36.5  36.5  36.5  35.5   0.5  36.5  36.5  36.5  36.5  36.5  36.5  36.5  36.5
Data = 40.5  40.5  40.5  40.5  40.5  40.5  40.5   0.5  40.5  40.5  40.5  40.5  40.5  40.5  40.5  40.5
Data = 44.5  43.5  44.5  44.5  43.5  43.5  43.5   0.5  44.5  43.5  43.5  44.5  43.5  44.5  44.5  43.5
Data = 40.5  40.5  40.5  40.5  40.5  40.5  40.5   0.5  40.5  40.5  40.5  40.5  40.5  40.5  40.5  40.5
Data = 44.5  43.5  44.5  44.5  43.5  43.5  43.5   0.5  44.5  43.5  43.5  44.5  43.5  44.5  44.5  43.5
#double kSlot8PeakPos_0120[6][16] = {
Data = 28.5  23.5  31.5  26.5  25.5  25.5  19.5  23.5  22.5  23.5  25.5  25.5  26.5  27.5  28.5  77.5
Data = 24.5  18.5  26.5  21.5  21.5  21.5  14.5  18.5  18.5  19.5  21.5  21.5  22.5  22.5  23.5  77.5
Data = 27.5  22.5  30.5  25.5  24.5  24.5  18.5  22.5  22.5  22.5  24.5  24.5  25.5  27.5  27.5  77.5
Data = 31.5  26.5  34.5  29.5  29.5  28.5  22.5  26.5  25.5  26.5  26.5  27.5  28.5  30.5  28.5  77.5
Data = 27.5  22.5  33.5  25.5  24.5  24.5  18.5  25.5  22.5  22.5  24.5  24.5  25.5  26.5  27.5  77.5
Data = 31.5  26.5  34.5  29.5  29.5  28.5  22.5  26.5  25.5  26.5  26.5  27.5  28.5  30.5  28.5  77.5
BlockEnd=}

# peak position for trig type 1-6  for runs 4067-4101 only (20230127 data set)  bit 3 5 6 are not available
BlockStart={
DetName = FADCPeakPos
RunMin = 4067
RunMax = 4101
NChannel = 192
#double kSlot7PeakPos_0127[6][16] = {
Data = 50.5  50.5  50.5  50.5  50.5  50.5  49.5   0.5  50.5  50.5  50.5  50.5  50.5  50.5  50.5  50.5
Data = 46.5  45.5  46.5  46.5  45.5  45.5  45.5   0.5  45.5  45.5  45.5  45.5  46.5  46.5  46.5  45.5
Data = 47.5  47.5  47.5  47.5  47.5  46.5  46.5   0.5  47.5  47.5  46.5  47.5  47.5  47.5  47.5  47.5
Data = 44.5  43.5  44.5  44.5  43.5  43.5  43.5   0.5  44.5  43.5  43.5  44.5  43.5  44.5  44.5  43.5
Data = 44.5  43.5  44.5  44.5  43.5  43.5  43.5   0.5  44.5  43.5  43.5  44.5  43.5  44.5  44.5  43.5
Data = 44.5  43.5  44.5  44.5  43.5  43.5  43.5   0.5  44.5  43.5  43.5  44.5  43.5  44.5  44.5  43.5
#double kSlot8PeakPos_0127[6][16] = {
Data = 37.5  32.5  37.5  35.5  35.5  34.5  28.5  35.5  31.5  33.5  34.5  33.5  34.5  34.5  37.5  98.5
Data = 28.5  28.5  28.5  31.5  28.5  28.5  22.5  27.5  27.5  27.5  28.5  28.5  28.5  30.5  31.5  98.5
Data = 28.5  28.5  28.5  31.5  28.5  28.5  22.5  27.5  27.5  27.5  28.5  28.5  28.5  30.5  31.5  98.5
Data = 31.5  26.5  34.5  29.5  29.5  28.5  22.5  26.5  25.5  26.5  26.5  27.5  28.5  30.5  28.5  77.5
Data = 27.5  22.5  30.5  25.5  24.5  24.5  19.5  25.5  22.5  22.5  24.5  24.5  25.5  26.5  27.5  77.5
Data = 31.5  26.5  34.5  29.5  29.5  28.5  22.5  26.5  25.5  26.5  26.5  27.5  28.5  30.5  28.5  77.5
BlockEnd=}

# peak position for trig type 1-6  for runs 4102-4140 only (20230203 data set)  bit 3 5 6 are not available
BlockStart={
DetName = FADCPeakPos
RunMin = 4102
RunMax = 4126
NChannel = 192
#double kSlot7PeakPos_0201[][16] = {
Data = 50.5  50.5  50.5  50.5  50.5  50.5  49.5  68.5  50.5  50.5  50.5  50.5  50.5  50.5  50.5  50.5
Data = 46.5  45.5  46.5  46.5  45.5  45.5  45.5  68.5  45.5  45.5  45.5  45.5  46.5  46.5  46.5  45.5
Data = 47.5  47.5  47.5  47.5  47.5  46.5  46.5  68.5  47.5  47.5  46.5  47.5  47.5  47.5  47.5  47.5
Data = 54.5  54.5  54.5  54.5  54.5  53.5  53.5  68.5  54.5  54.5  54.5  54.5  54.5  54.5  54.5  54.5
Data = 49.5  49.5  49.5  49.5  49.5  49.5  49.5  68.5  49.5  49.5  49.5  49.5  49.5  49.5  49.5  49.5
Data = 54.5  54.5  54.5  54.5  54.5  53.5  53.5  68.5  54.5  54.5  54.5  54.5  54.5  54.5  54.5  54.5
#double kSlot8PeakPos_0201[6][16] = {
Data = 37.5  32.5  40.5  35.5  35.5  34.5  28.5  32.5  31.5  32.5  33.5  33.5  33.5  34.5  36.5  98.5
Data = 28.5  28.5  28.5  31.5  28.5  28.5  22.5  27.5  27.5  27.5  28.5  28.5  28.5  30.5  31.5  98.5
Data = 28.5  28.5  28.5  31.5  28.5  28.5  22.5  27.5  27.5  27.5  28.5  28.5  28.5  30.5  31.5  98.5
Data = 41.5  36.5  44.5  39.5  39.5  38.5  32.5  36.5  35.5  37.5  37.5  37.5  37.5  38.5  39.5  98.5
Data = 36.5  31.5  36.5  34.5  34.5  33.5  29.5  31.5  31.5  31.5  32.5  32.5  32.5  33.5  33.5  77.5
Data = 41.5  36.5  44.5  39.5  39.5  38.5  32.5  36.5  35.5  37.5  37.5  37.5  37.5  38.5  39.5  98.5
BlockEnd=}

# peak position for trig type 1-6  for runs 4141-4216 only (20230210 data set)  bit 6 are not available
BlockStart={
DetName = FADCPeakPos
RunMin = 4127
RunMax = 4216
NChannel = 192
#double kSlot7PeakPos_0210[][16] = {
Data = 50.5  50.5  50.5  50.5  50.5  50.5  50.5  68.5  50.5  50.5  50.5  50.5  50.5  50.5  50.5  50.5
Data = 46.5  46.5  46.5  46.5  46.5  45.5  45.5  68.5  46.5  45.5  45.5  46.5  46.5  46.5  46.5  46.5
Data = 47.5  47.5  47.5  47.5  47.5  46.5  46.5  68.5  47.5  47.5  46.5  47.5  47.5  47.5  47.5  47.5
Data = 54.5  54.5  55.5  54.5  54.5  53.5  53.5  68.5  54.5  54.5  53.5  54.5  54.5  54.5  53.5  54.5
Data = 49.5  49.5  49.5  49.5  49.5  49.5  49.5  68.5  49.5  49.5  49.5  49.5  49.5  49.5  49.5  49.5
Data = 54.5  54.5  54.5  54.5  54.5  53.5  53.5  68.5  54.5  54.5  54.5  54.5  54.5  54.5  54.5  54.5
#double kSlot8PeakPos_0210[6][16] = {
Data = 37.5  32.5  37.5  35.5  35.5  34.5  29.5  32.5  32.5  32.5  33.5  33.5  33.5  34.5  34.5  98.5
Data = 28.5  28.5  28.5  31.5  28.5  28.5  22.5  27.5  27.5  27.5  28.5  28.5  28.5  30.5  31.5  77.5
Data = 28.5  28.5  28.5  31.5  28.5  28.5  22.5  27.5  27.5  27.5  28.5  28.5  28.5  30.5  31.5  98.5
Data = 41.5  36.5  42.5  39.5  39.5  38.5  32.5  36.5  36.5  36.5  37.5  37.5  37.5  38.5  38.5  98.5
Data = 36.5  31.5  36.5  34.5  34.5  33.5  29.5  31.5  31.5  31.5  32.5  32.5  32.5  33.5  33.5  77.5
Data = 41.5  36.5  44.5  39.5  39.5  38.5  32.5  36.5  35.5  37.5  37.5  37.5  37.5  38.5  39.5  98.5
BlockEnd=}

# peak position for trig type 1-6  for runs 4217-4285 only (20230217 data set)  bit 5 6 are not available
BlockStart={
DetName = FADCPeakPos
RunMin = 4217
RunMax = 4285
NChannel = 192
#double kSlot7PeakPos_0217[][16] = {
Data = 40.5  40.5  40.5  40.5  40.5  40.5  40.5  78.5  40.5  40.5  40.5  40.5  40.5  40.5  40.5  40.5
Data = 36.5  36.5  36.5  36.5  36.5  35.5  35.5  78.5  36.5  36.5  36.5  36.5  36.5  36.5  36.5  36.5
Data = 37.5  37.5  37.5  37.5  37.5  36.5  36.5  78.5  37.5  37.5  36.5  37.5  37.5  37.5  37.5  37.5
Data = 44.5  43.5  44.5  44.5  43.5  43.5  43.5  78.5  43.5  43.5  43.5  43.5  43.5  43.5  43.5  43.5
Data = 39.5  39.5  39.5  39.5  39.5  39.5  39.5  78.5  39.5  39.5  39.5  39.5  39.5  39.5  39.5  39.5
Data = 44.5  43.5  44.5  44.5  43.5  43.5  43.5  78.5  43.5  43.5  43.5  43.5  43.5  43.5  43.5  43.5
#double kSlot8PeakPos_0217[6][16] = {
Data = 37.5  32.5  38.5  36.5  35.5  34.5  29.5  32.5  32.5  32.5  33.5  33.5  33.5  34.5  34.5  77.5
Data = 28.5  28.5  28.5  28.5  28.5  28.5  22.5  28.5  28.5  28.5  29.5  29.5  29.5  30.5  31.5  77.5
Data = 28.5  28.5  28.5  28.5  28.5  28.5  22.5  28.5  28.5  28.5  29.5  29.5  29.5  30.5  31.5  77.5
Data = 40.5  35.5  41.5  39.5  38.5  37.5  31.5  35.5  35.5  36.5  37.5  37.5  37.5  37.5  38.5  77.5
Data = 36.5  31.5  36.5  34.5  34.5  33.5  29.5  31.5  31.5  31.5  32.5  32.5  32.5  33.5  33.5  77.5
Data = 40.5  35.5  41.5  39.5  38.5  37.5  31.5  35.5  35.5  36.5  37.5  37.5  37.5  37.5  38.5  77.5
BlockEnd=}

# 18deg
# peak position for trig type 1-6  for runs 4286-4328 only (20230221 data set)  bit 5 6 are not available
BlockStart={
DetName = FADCPeakPos
RunMin = 4286
RunMax = 14328
NChannel = 192
#double kSlot7PeakPos_0221[][16] = {
Data = 38.5  38.5  38.5  38.5  38.5  38.5  38.5  78.5  38.5  38.5  38.5  39.5  38.5  38.5  38.5  38.5
Data = 36.5  36.5  36.5  36.5  36.5  35.5  35.5  78.5  36.5  36.5  36.5  36.5  36.5  36.5  36.5  36.5
Data = 37.5  37.5  37.5  37.5  37.5  36.5  36.5  78.5  37.5  37.5  36.5  37.5  37.5  37.5  37.5  37.5
Data = 42.5  41.5  42.5  42.5  41.5  41.5  41.5  78.5  41.5  41.5  41.5  41.5  41.5  41.5  41.5  41.5
Data = 42.5  41.5  42.5  42.5  41.5  41.5  41.5  78.5  41.5  41.5  41.5  41.5  41.5  41.5  41.5  41.5
Data = 42.5  41.5  42.5  42.5  41.5  41.5  41.5  78.5  41.5  41.5  41.5  41.5  41.5  41.5  41.5  41.5
#double kSlot8PeakPos_02216][16] = {
Data = 34.5  31.5  37.5  31.5  37.5  36.5  27.5  30.5  30.5  30.5  31.5  31.5  31.5  32.5  32.5  68.5
Data = 28.5  28.5  32.5  29.5  30.5  30.5  24.5  27.5  27.5  27.5  27.5  27.5  27.5  28.5  28.5  68.5
Data = 29.5  29.5  33.5  30.5  31.5  31.5  25.5  28.5  28.5  28.5  28.5  28.5  28.5  29.5  29.5  68.5
Data = 38.5  35.5  40.5  34.5  36.5  35.5  30.5  33.5  33.5  34.5  35.5  34.5  34.5  36.5  36.5  68.5
Data = 38.5  35.5  40.5  34.5  36.5  35.5  30.5  33.5  33.5  34.5  35.5  34.5  34.5  36.5  36.5  68.5
Data = 38.5  35.5  40.5  34.5  36.5  35.5  30.5  33.5  33.5  34.5  35.5  34.5  34.5  36.5  36.5  68.5
BlockEnd=}
