           3          20           3           0         562         622
           3          20           3           1         700         754
           3          20           3           6         635         691
           3          20           3           7         568         641
           3          20           1           0         717         775
           3          20           1           1         704         789
           3          20           1           6         724         772
           3          20           1           7         671         722
           3          20           2           0         667         724
           3          20           2           1         856         926
           3          20           2           6         668         748
           3          20           2           7         757         820
           3          20           0           0         656         709
           3          20           0           1         707         766
           3          20           0           6         670         732
           3          20           0           7         635         725
