           3          20           3           0           0         659
           3          20           3           1           0         793
           3          20           3           6           0         733
           3          20           3           7           0         682
           3          20           2           0           0         771
           3          20           2           1           0         978
           3          20           2           6           0         794
           3          20           2           7           0         869
           3          20           0           0           0         747
           3          20           0           1           0         810
           3          20           0           6           0         766
           3          20           0           7           0         768
