           3          20           3           0           0         661
           3          20           3           1           0         803
           3          20           3           6           0         733
           3          20           3           7           0         682
           3          20           2           0           0         775
           3          20           2           1           0         978
           3          20           2           6           0         794
           3          20           2           7           0         869
           3          20           0           0           0         747
           3          20           0           1           0         810
           3          20           0           6           0         770
           3          20           0           7           0         774
