           3          20           3           0           0         555
           3          20           3           1           0         696
           3          20           3           6           0         618
           3          20           3           7           0         569
           3          20           1           0           0         713
           3          20           1           1           0         725
           3          20           1           6           0         724
           3          20           1           7           0         678
           3          20           2           0           0         677
           3          20           2           1           0         880
           3          20           2           6           0         699
           3          20           2           7           0         765
           3          20           0           0           0         645
           3          20           0           1           0         706
           3          20           0           6           0         673
           3          20           0           7           0         672
