           3          20           3           0           0         666
           3          20           3           1           0         799
           3          20           3           6           0         735
           3          20           3           7           0         695
           3          20           2           0           0         774
           3          20           2           1           0         983
           3          20           2           6           0         795
           3          20           2           7           0         867
           3          20           0           0           0         745
           3          20           0           1           0         806
           3          20           0           6           0         770
           3          20           0           7           0         769
