           3          20           3           0           0         668
           3          20           3           1           0         800
           3          20           3           6           0         735
           3          20           3           7           0         689
           3          20           2           0           0         780
           3          20           2           1           0         983
           3          20           2           6           0         794
           3          20           2           7           0         871
           3          20           0           0           0         743
           3          20           0           1           0         806
           3          20           0           6           0         772
           3          20           0           7           0         772
