APV                3              20               3               0
               0           333.9           49.33
               1           70.87           40.26
               2           85.65           44.61
               3           70.89           48.02
               4          -53.33           35.26
               5          -58.04           37.97
               6          -16.98           35.75
               7           3.385           30.82
               8          -103.5           21.91
               9          -105.1            17.6
              10          -98.31           13.43
              11           -23.8            11.6
              12          -105.6           10.35
              13          -67.13           9.668
              14           5.823           9.021
              15           34.38           8.668
              16          -52.48           8.011
              17          -64.06           7.173
              18           1.061           6.581
              19           30.29           6.926
              20           -44.1           6.695
              21          -37.89           6.528
              22          -7.695           6.242
              23           33.55           6.325
              24           -55.4           6.531
              25          -40.91           6.547
              26           22.61           6.507
              27           59.83           6.617
              28          -55.32           6.402
              29          -23.95           6.344
              30           34.64           6.272
              31           72.71           6.603
              32          -29.21           6.497
              33             -41            6.89
              34          -1.173           6.463
              35           45.32           6.913
              36          -34.57           6.457
              37          -32.65           6.668
              38         -0.8735           6.373
              39           43.56           6.855
              40          -40.77           6.867
              41          -28.66           6.895
              42           24.55           7.043
              43           44.71           6.926
              44          -46.55           6.517
              45          -3.919           6.897
              46           43.02           6.655
              47           68.22            7.06
              48           -35.1            6.34
              49          -51.06           6.198
              50         -0.5103           6.072
              51           52.11           6.614
              52          -34.33           6.253
              53          -37.99           6.032
              54           12.08           6.287
              55           51.42           6.396
              56          -46.33           6.324
              57          -32.89           6.291
              58           31.39           6.652
              59           48.64           6.608
              60          -47.23           6.012
              61          -12.45           6.368
              62           28.16           6.221
              63           67.42           7.533
              64          -32.47           6.272
              65          -49.19           7.625
              66          -1.705           6.054
              67           39.35           6.749
              68           -36.7           6.517
              69           -51.3           7.259
              70           13.31           6.632
              71           42.91           6.597
              72          -56.93            6.25
              73          -35.04           7.972
              74           43.23           6.787
              75           55.95           6.709
              76          -49.08           6.179
              77          -10.17            6.45
              78           47.72           6.802
              79            85.5           6.937
              80          -28.99           6.459
              81          -47.41           6.483
              82          -6.223           6.043
              83           45.05           6.466
              84          -36.25           6.567
              85          -38.31           6.304
              86           1.113           5.886
              87           46.44           6.496
              88          -49.12           6.418
              89          -28.52           6.387
              90              32           6.454
              91           48.62           4.408
              92          -43.07           6.118
              93          -23.07           6.203
              94            37.3           6.289
              95           70.89           6.804
              96          -35.08           6.497
              97          -49.98           6.822
              98           17.76            6.91
              99            50.5           6.989
             100          -47.82           6.544
             101          -31.31           6.659
             102           25.17           6.693
             103           52.44           6.851
             104          -42.36           6.512
             105          -30.82           8.005
             106           45.65           6.872
             107           53.26           6.993
             108          -45.56           6.276
             109          -8.422           6.496
             110           45.51           6.633
             111            98.1           7.119
             112          -22.86           4.253
             113           -43.5           6.149
             114          -1.477           5.885
             115           51.63            6.61
             116          -51.24           6.227
             117          -31.75           6.157
             118           22.91           6.185
             119            57.4           6.435
             120          -61.96           6.158
             121          -25.38           6.354
             122           35.36           6.315
             123           60.06           6.575
             124          -37.77           6.112
             125           -5.67           6.024
             126           39.82           6.223
             127            88.3           7.082
APV                3              20               3               1
               0           282.2           51.87
               1           74.62           42.25
               2           84.98              44
               3           62.96           49.26
               4          -46.83           34.94
               5          -49.07           37.28
               6          -21.45           35.18
               7         -0.4162           32.25
               8          -104.4           26.29
               9          -66.78            20.5
              10          -61.66           25.14
              11           -27.2           21.09
              12           -94.2           26.42
              13          -61.34           16.05
              14           6.182           27.24
              15           21.39           10.17
              16          -40.44            10.1
              17          -63.95           7.731
              18          -31.51           16.63
              19           20.82           7.472
              20          -63.15           17.05
              21          -38.67           12.14
              22          -6.551           15.57
              23            45.3           4.564
              24          -53.89           6.926
              25          -19.52           6.899
              26           7.404           19.13
              27           44.75           10.16
              28          -33.79           25.61
              29          -30.27           7.525
              30           16.92            12.8
              31           39.16           5.071
              32          -42.63           11.96
              33          -54.23           4.795
              34          -2.478           3.118
              35           41.98           16.04
              36             -42           16.08
              37          -31.66           7.472
              38            22.3           6.946
              39           46.42           7.131
              40             -46           4.581
              41          -23.28           7.117
              42           22.19           7.006
              43           34.11           7.298
              44          -43.51           26.72
              45          -12.21           8.194
              46           39.67           24.97
              47           54.93           9.308
              48           -26.3           6.848
              49          -49.13           13.16
              50         -0.1347            6.36
              51           40.06           3.803
              52          -49.03           6.732
              53          -34.56           8.427
              54           4.732           13.79
              55           45.72           16.64
              56          -26.17           5.301
              57          -27.08            14.9
              58           17.64           8.865
              59           46.13           6.952
              60          -42.16           10.53
              61          0.2877           3.265
              62           37.42           6.437
              63            47.5           5.081
              64          -34.29           7.648
              65          -28.91           4.833
              66           16.01           16.53
              67           64.99            14.4
              68          -40.33           13.64
              69          -30.61           8.577
              70           12.38              12
              71            37.4           7.112
              72          -40.06           6.696
              73          -13.44           7.464
              74           24.34           20.27
              75           43.55           12.86
              76          -39.65           4.123
              77           7.872           6.664
              78           29.28           14.41
              79           53.36           7.544
              80          -40.19           6.999
              81           -41.8           12.17
              82          -2.694           9.572
              83           31.66           8.498
              84          -49.12           20.05
              85          -22.98           6.761
              86           15.97           13.59
              87           58.99           18.59
              88          -27.01           8.495
              89          -28.25             6.6
              90           18.66           10.78
              91           40.93            6.96
              92           -23.4           3.941
              93           4.284           3.321
              94           46.27           7.993
              95           60.88           6.521
              96          -51.93           6.689
              97          -47.91           5.912
              98          -4.456           10.98
              99           39.41           7.061
             100          -50.12           19.36
             101          -33.09           10.95
             102           18.59           6.994
             103           53.01           6.964
             104          -23.88           9.669
             105          -17.22           8.216
             106           27.31           6.561
             107           57.57           7.175
             108          -29.84           6.971
             109          -10.69           3.359
             110           42.25           6.548
             111           69.58           3.945
             112          -43.61           13.19
             113          -25.16           6.758
             114           10.77           17.46
             115           45.64           4.559
             116          -43.53           4.225
             117          -21.81           6.386
             118           37.06           21.65
             119           52.96           17.78
             120          -27.38           12.77
             121          -16.59           6.626
             122           36.55           12.38
             123            43.1           4.188
             124          -26.39           4.047
             125          -14.19           6.489
             126           22.86           13.22
             127           91.77           9.306
APV                3              20               3               6
               0           284.6           47.89
               1           69.69           39.71
               2           66.18            39.5
               3           58.54           42.42
               4          -59.43           30.99
               5          -30.38           32.44
               6          -13.13           30.55
               7           8.512           26.28
               8          -78.36           19.74
               9          -91.04           15.47
              10          -71.96           12.17
              11           -7.44           10.17
              12          -75.66           9.625
              13          -68.43           8.894
              14          -2.887           8.114
              15           21.34           7.763
              16          -42.22           7.439
              17          -51.02           6.645
              18          -22.49           6.295
              19           10.57           5.935
              20          -65.31           5.977
              21          -47.73             5.7
              22          -6.292           5.562
              23           53.88           5.668
              24          -42.69            6.02
              25          -43.51           5.723
              26           10.51           5.622
              27           59.59           6.076
              28          -31.89           5.833
              29          -5.641           5.528
              30           23.87           5.655
              31           60.59           5.894
              32          -10.05            6.05
              33           -46.8           6.331
              34          -10.04           5.995
              35           39.14           5.974
              36          -50.72           6.025
              37          -45.51           6.032
              38            4.17            5.78
              39           31.12           5.908
              40          -40.33           6.179
              41          -26.41           6.374
              42           20.07           6.306
              43           42.56           6.198
              44           -23.7           6.143
              45          -3.914           6.223
              46           20.76           6.074
              47           67.31            6.49
              48          -33.01           5.563
              49          -25.81           5.425
              50          -5.607           5.168
              51           40.14           5.396
              52          -46.67           5.343
              53          -46.29           5.286
              54          -2.503           5.163
              55           57.09           5.422
              56          -38.14           5.385
              57          -29.31           5.368
              58           13.16           5.328
              59           49.96           5.734
              60          -31.23            5.28
              61          -15.08           5.261
              62           34.23           5.222
              63           62.32           5.845
              64          -36.25           5.594
              65          -40.58           6.854
              66           11.06           5.629
              67           35.78           5.714
              68          -42.42           5.843
              69          -34.29           6.811
              70          -1.124            5.47
              71           38.48            6.05
              72          -42.41           5.535
              73          -20.94            6.39
              74           13.11            5.62
              75           39.11           5.761
              76          -33.17           5.489
              77          -33.28           5.613
              78           15.41           5.707
              79           63.46           5.869
              80          -28.85            5.64
              81          -39.98           5.586
              82           13.41           5.383
              83           30.47            5.81
              84          -39.94           6.141
              85          -32.78            5.79
              86           12.46           5.633
              87           55.32           5.817
              88          -24.23           5.746
              89          -33.52            5.65
              90           1.089           5.198
              91           47.25           5.911
              92           -23.2           5.589
              93          -14.23           5.703
              94            26.1           5.575
              95           68.94           5.767
              96          -28.86           5.876
              97           -34.5           6.098
              98           10.78           5.953
              99           49.11           6.311
             100          -36.27           6.111
             101          -14.59           6.313
             102           14.29           5.994
             103           42.85           6.188
             104          -26.38           5.921
             105          -22.17             7.2
             106           28.02           6.079
             107           59.13           6.237
             108          -13.53           5.667
             109            3.49           5.924
             110           37.89           6.031
             111           88.26           5.985
             112          -34.66           5.484
             113           -36.3           5.259
             114          0.5514           4.842
             115           43.45           5.524
             116          -34.18           5.409
             117          -25.92           5.192
             118           5.011           4.995
             119            46.1           5.528
             120           -29.6           5.495
             121          -24.22           5.247
             122           16.66           5.156
             123           62.64           5.648
             124           -32.7           5.166
             125          -23.14           5.076
             126            40.7           5.249
             127           103.2           5.854
APV                3              20               3               7
               0           289.7           48.58
               1           90.52           43.95
               2            97.2           43.29
               3           61.41           46.33
               4          -46.73           38.47
               5          -35.02           36.36
               6          -10.31           34.42
               7          -9.764           29.59
               8          -93.09           22.04
               9          -70.12            16.9
              10          -76.91           12.65
              11          -29.95            10.9
              12          -82.15           14.81
              13          -64.39            19.1
              14          -2.426           7.623
              15           13.33           7.734
              16          -47.52             7.1
              17          -43.04           6.289
              18          -0.388           5.263
              19           11.48           11.87
              20          -50.72           5.982
              21          -18.42           5.398
              22           10.23           5.226
              23           36.08           5.427
              24          -54.56           5.579
              25          -36.06           5.394
              26           19.96           5.207
              27           34.07            5.63
              28          -45.84           5.281
              29           -17.3           5.158
              30           32.22           20.23
              31           50.93           6.035
              32           -34.2           5.772
              33          -55.39           5.912
              34          -2.559           5.195
              35           50.36           8.614
              36          -33.72           5.768
              37          -24.15            19.7
              38           23.59           6.137
              39           41.12           5.897
              40          -49.14           5.859
              41          -21.08           5.996
              42           19.82            5.89
              43           27.08           5.756
              44          -34.45           14.07
              45          -14.23            6.35
              46           27.63           17.95
              47           33.75           6.408
              48          -48.68           5.468
              49          -42.97            5.22
              50           8.582           5.231
              51           42.57           5.438
              52          -35.22            5.34
              53          -27.27           5.029
              54           16.64              11
              55           21.77           5.474
              56          -37.22           5.397
              57          -12.91           12.83
              58           35.57           6.136
              59           26.97           5.525
              60          -37.02           5.153
              61           -26.5           5.078
              62           40.11           4.989
              63           44.08           5.615
              64          -43.45           5.565
              65          -29.51           6.884
              66          -2.046            4.98
              67           46.94           5.484
              68          -38.64           16.93
              69          -22.91           17.82
              70           11.23           5.969
              71            28.2           5.822
              72          -30.56           10.83
              73          -22.15           6.589
              74           27.06           5.744
              75           24.09           5.606
              76          -44.71           10.81
              77          -25.92           5.593
              78           44.88           5.613
              79           59.43           5.946
              80           -53.2           5.478
              81          -34.17           5.196
              82           14.21           5.038
              83            40.4           5.453
              84          -36.53           5.581
              85          -19.65           5.198
              86           17.36            5.05
              87           32.18             5.2
              88          -34.88           6.812
              89          -30.66           15.79
              90           29.85           8.426
              91           40.45           5.611
              92          -28.14           5.184
              93          -5.277            4.87
              94           40.08           5.159
              95           62.27           5.741
              96          -54.82            5.63
              97          -39.49           5.641
              98           21.13           5.534
              99           38.98           5.828
             100          -37.75           5.672
             101          -6.728           18.26
             102           21.72           6.078
             103           49.29            5.78
             104          -31.84           5.473
             105          -13.78           13.09
             106           37.34           5.946
             107           39.36            5.83
             108          -29.55           18.49
             109          -8.736            5.89
             110           36.46           5.618
             111            65.7           5.938
             112          -32.89           5.367
             113          -29.66           5.107
             114           2.519           6.891
             115           37.77           5.361
             116          -36.97           5.314
             117          -19.58           19.44
             118           21.64           5.572
             119           48.46           5.553
             120          -15.93            7.16
             121          -13.45           21.29
             122           21.72           13.63
             123           23.22           5.734
             124          -37.69           5.214
             125          -19.84           4.874
             126           36.96           5.038
             127           77.67           11.06
APV                3              20               2               0
               0             266           45.51
               1           85.61           37.76
               2           64.62           41.89
               3            50.8           45.54
               4          -12.02           33.16
               5          -22.92           35.19
               6          -34.72           32.79
               7          -3.458           27.97
               8          -55.68           19.63
               9          -78.39            16.2
              10          -123.4           12.19
              11          -25.45           10.83
              12           -64.4           9.929
              13          -66.51           9.196
              14          -30.27           8.686
              15           13.87           8.161
              16          -6.016            7.61
              17          -53.91            7.19
              18          -36.29           6.824
              19           15.97           6.864
              20          -30.69           6.881
              21           -27.9           6.526
              22           -6.83           6.073
              23           24.92           6.443
              24          -25.53            6.81
              25          -14.02           6.671
              26           1.899           6.078
              27           65.09           6.669
              28          -19.14           6.266
              29          -14.72           6.482
              30          -5.233           6.055
              31           36.23            6.54
              32            -9.9            6.79
              33          -42.64           7.016
              34          -7.107            6.44
              35           12.37           6.696
              36          -41.45           6.817
              37          -26.25           6.786
              38          -1.267           6.171
              39           41.47           6.982
              40           -17.3           7.145
              41          -6.316           6.722
              42           2.526           6.612
              43           34.72           7.015
              44          -45.71           6.706
              45          -9.977           7.176
              46            7.79           6.289
              47           62.86           7.008
              48          -1.201           6.318
              49          -22.99            6.44
              50           3.357            6.13
              51           29.58           6.476
              52          -10.29           6.389
              53          -19.03           6.252
              54          -12.26           6.274
              55           25.47           6.442
              56          -26.09           6.487
              57           -2.85           6.053
              58         -0.1562           6.021
              59           40.88           6.695
              60          -18.17           6.311
              61          -21.51           6.295
              62           12.14            6.09
              63           44.73           7.458
              64          -4.749           6.548
              65          -26.15           7.925
              66          -7.134           6.327
              67           16.77           6.563
              68           -9.08           6.748
              69          -7.554           7.549
              70          -8.084           6.527
              71            15.7           6.742
              72          -22.01           6.604
              73          -7.896           7.311
              74           8.137           6.605
              75           46.33           6.845
              76          -18.66           6.478
              77          -14.27           6.475
              78           17.82           6.593
              79            63.7           6.869
              80          -19.79           6.807
              81          -29.92           6.622
              82          -22.25           6.246
              83           38.62            6.49
              84          -21.98           6.795
              85           -13.9           6.371
              86          -10.03           6.164
              87           49.95           6.462
              88          -22.23           6.652
              89          -27.61            6.48
              90          -9.517           6.223
              91           67.31           6.673
              92          -25.04           6.349
              93          -28.05           6.325
              94           5.089           6.033
              95           38.31           6.629
              96          -36.93           6.878
              97          -5.715           6.667
              98          -6.612            6.57
              99           11.14           6.815
             100          -26.44            6.82
             101          -16.41           6.786
             102          -13.68            6.63
             103           48.44           6.852
             104          -15.78           6.749
             105          -20.59           8.396
             106           11.67            6.81
             107           51.13           6.975
             108          -30.41           6.595
             109          -6.769           6.683
             110           25.33           6.697
             111           77.65           6.931
             112           -17.1           6.667
             113          -25.78           6.385
             114          -3.613           6.006
             115           42.33           6.706
             116          -23.12           6.509
             117           6.741           6.017
             118          -1.562           5.715
             119           39.63           6.448
             120          -18.55           6.462
             121          -11.04           6.295
             122           4.643           6.053
             123           40.99           6.659
             124          -14.82           6.234
             125          -8.671           6.034
             126           6.558           6.085
             127           96.52           7.228
APV                3              20               2               1
               0           277.2           47.93
               1           82.64           39.83
               2           83.66           43.91
               3           47.19           47.08
               4          -10.19           34.47
               5          -14.34              36
               6          -8.889            33.3
               7          -16.97           28.63
               8          -39.23           20.07
               9          -58.32           18.24
              10          -58.15           13.57
              11          -32.75           11.88
              12          -65.02           10.88
              13          -70.44           10.39
              14          -7.136           9.644
              15           12.15           9.158
              16            -6.9           8.722
              17           -35.3           8.034
              18          -5.059            7.49
              19             -13           7.685
              20          -10.32             7.5
              21          -30.58           7.326
              22          -16.88            7.16
              23            15.6           7.021
              24          -12.76           7.485
              25           -25.4           7.459
              26           1.232           6.872
              27           13.25           7.316
              28          -6.883           7.106
              29          -25.71           7.194
              30         -0.2999           6.884
              31            21.1           7.284
              32           5.211           7.417
              33          -25.39           7.849
              34           2.159           7.198
              35           4.584           7.343
              36          -16.35           7.759
              37          -19.83           7.652
              38           17.49           7.453
              39           15.53           7.467
              40          -41.16           8.067
              41          -14.73           7.852
              42           23.13           7.833
              43           27.73           7.795
              44          -39.33           7.578
              45          -24.65           8.189
              46            23.6           7.596
              47           30.91           7.852
              48          0.7247           7.183
              49          -24.88           7.306
              50           5.273           6.996
              51           22.44           7.385
              52          -10.37           7.083
              53          -28.99            7.09
              54           9.673           7.061
              55            9.76           7.007
              56          -14.83           7.422
              57          -16.95           7.338
              58           15.55           7.119
              59           9.366           7.265
              60           -22.1           7.067
              61          -17.71           6.994
              62           20.57           6.911
              63           25.17           7.483
              64           -6.34           8.198
              65          -7.969           8.864
              66          -1.257           6.979
              67           12.92           7.223
              68          -7.986           7.623
              69           -11.4           8.761
              70          -10.72           7.407
              71           22.56           7.422
              72          -20.87           7.454
              73          -1.697           9.591
              74            15.3           7.686
              75           21.89           7.484
              76          -29.19           7.372
              77          -11.45           7.257
              78           16.53           7.559
              79           33.44           7.682
              80         -0.1289           7.224
              81          -24.19             7.3
              82           1.761           6.734
              83           1.688           6.938
              84           -1.55           7.563
              85          -28.31           7.341
              86           4.222           6.857
              87           14.21           7.225
              88          -29.23           7.589
              89          -40.15           7.114
              90         -0.5906           6.826
              91              27           7.299
              92          -9.035            7.16
              93          -17.39           7.166
              94           4.522           6.842
              95           40.83           7.504
              96         -0.3624           7.261
              97          -19.39            7.64
              98           4.784           7.448
              99           6.414           7.291
             100          -3.432           7.413
             101          -28.38           7.531
             102           7.646           7.361
             103            16.8           7.279
             104          -8.899           7.499
             105          -23.14           9.609
             106          0.2468           7.337
             107           38.58           7.662
             108          -24.28           7.342
             109           -28.3           7.646
             110           15.71           7.521
             111           69.76           7.867
             112          -13.45           7.463
             113           -16.6            7.15
             114           17.93           7.247
             115           16.42           7.281
             116          -3.701           6.995
             117          -6.052           6.817
             118           11.46           6.671
             119         -0.9075           6.579
             120          -19.63           7.276
             121          -28.35           7.022
             122            23.2            6.99
             123           37.31           7.458
             124          -13.86           7.014
             125          -5.513           6.772
             126           15.87           6.971
             127           75.51           7.759
APV                3              20               2               6
               0           268.1              51
               1           79.69           42.56
               2           60.57            45.3
               3           62.33           48.07
               4          -8.759           34.72
               5          -15.43           36.61
               6             -21           34.06
               7           -3.02            28.9
               8          -81.08           19.68
               9          -75.27           16.43
              10          -87.27           12.28
              11          -11.46           10.64
              12          -84.67           9.842
              13          -55.61           9.381
              14          -22.19           8.712
              15           34.36           8.146
              16          -24.32           7.388
              17          -55.56           6.605
              18          -19.82           6.191
              19           11.26           5.993
              20          -37.44           6.015
              21          -28.96           5.697
              22          -2.068           5.372
              23           39.28           5.685
              24          -31.06           5.924
              25          -28.07           5.816
              26          -16.99           5.527
              27           37.98           6.036
              28          -32.65           5.589
              29          -13.83           5.582
              30           20.32           5.578
              31           82.01           6.029
              32          -4.431           5.838
              33          -37.26           6.271
              34          -20.21           5.858
              35           28.35           5.991
              36          -41.09           6.098
              37          -27.06           5.966
              38          -5.042           5.634
              39              39           6.044
              40          -31.48           6.198
              41           -37.6           6.276
              42           4.763           5.917
              43           43.32            6.25
              44          -22.61           6.256
              45          -5.954           6.341
              46           24.32            5.94
              47           82.64           6.603
              48          -9.058           5.716
              49           -24.4           5.534
              50           2.137           5.245
              51           29.57           5.596
              52          -38.19           5.628
              53          -30.95           5.475
              54          -14.51           5.364
              55           39.46            5.67
              56          -28.36            5.82
              57          -26.75           5.495
              58          -5.916           5.433
              59           50.81           5.957
              60          -38.82           5.386
              61          -29.43           5.358
              62           16.43           5.187
              63           95.28            6.26
              64          -13.24           5.861
              65          -22.41           7.498
              66          -19.33           5.769
              67            24.2           5.753
              68          -35.32           6.117
              69          -18.13           7.214
              70          -10.57           5.841
              71           47.86           6.203
              72          -47.48           5.878
              73           -15.3           6.681
              74          -13.18           5.767
              75           44.34           5.985
              76          -39.94           5.674
              77          -16.55           5.719
              78           5.688           5.632
              79           83.17           6.357
              80          -31.89           5.835
              81          -32.84            5.66
              82          -22.73            5.39
              83           18.84           5.725
              84          -21.38           6.035
              85          -15.76           5.695
              86           3.343           5.172
              87           56.62           5.748
              88           -47.1           5.801
              89          -28.15           5.596
              90         -0.9868           5.063
              91           74.51           6.044
              92          -29.35           5.583
              93           -32.2           5.458
              94           12.65           5.445
              95           112.3           6.273
              96          -22.73           5.951
              97          -16.67           6.202
              98          -4.632           5.815
              99           21.12           6.148
             100          -39.51           5.972
             101          -13.84           6.117
             102            -8.3            5.77
             103           44.63           6.068
             104          -41.34           5.971
             105          -24.51           7.502
             106             9.8            5.98
             107           72.28           6.352
             108          -27.23           5.745
             109          -12.52           6.006
             110           12.45           5.764
             111           111.5           6.424
             112           3.828           5.568
             113          -9.631           5.419
             114          -17.59           5.336
             115           18.77           5.563
             116          -36.29           5.637
             117          -37.61           5.304
             118          -2.914           5.019
             119           42.12           5.745
             120          -40.71           5.616
             121          -15.85           5.359
             122            16.2           5.336
             123           63.39           5.965
             124          -24.78           5.455
             125          -29.46           5.306
             126           20.38           5.306
             127           119.2           6.471
APV                3              20               2               7
               0           195.5           46.82
               1           36.39           36.78
               2           59.94           40.54
               3           81.83           44.13
               4          -62.27           35.27
               5          -43.35           35.25
               6          -3.658           34.99
               7           15.89           30.96
               8          -92.08            24.3
               9          -75.37           22.66
              10          -51.01           11.84
              11          -5.637           10.08
              12          -66.96           9.274
              13           -58.9           7.701
              14          -9.943           19.02
              15           46.37           17.75
              16          -70.12           22.96
              17          -61.56           6.637
              18          -14.89           4.052
              19           55.14           20.33
              20           -71.1           17.47
              21          -40.98           5.987
              22          -14.43           15.79
              23           30.75           12.17
              24           -49.7           5.633
              25          -34.67           18.15
              26           6.804           16.51
              27           45.16           9.526
              28          -45.25           5.609
              29          -10.87           3.714
              30           35.58           5.562
              31           55.01           5.891
              32           -65.4           16.97
              33           -46.7           6.542
              34          -20.08           3.475
              35            43.8           11.61
              36          -58.46            13.7
              37          -18.49           14.34
              38          -11.83           17.49
              39           43.48           6.327
              40             -31            6.19
              41          -21.46           6.082
              42           19.74           18.79
              43           52.07            14.6
              44          -35.79           12.81
              45          -7.311           17.38
              46           44.93           6.249
              47           79.37           6.465
              48          -46.61           5.817
              49          -42.83           17.38
              50           11.87           17.45
              51            51.7           16.85
              52          -36.26           5.917
              53          -37.11           16.37
              54           9.896           5.978
              55           52.47            18.7
              56          -42.63           8.288
              57          -31.13           11.34
              58            32.4           5.722
              59           65.37           20.74
              60          -32.53           10.15
              61          -22.43           3.958
              62           57.69           20.19
              63           75.09           4.505
              64          -52.55           8.367
              65          -33.16           7.243
              66          -6.711           3.599
              67           67.13           17.13
              68          -69.72           14.48
              69          -42.26           7.064
              70          -1.377            5.41
              71           65.62           12.47
              72          -54.88           5.759
              73          -21.09           6.786
              74           24.83              20
              75           55.23           7.959
              76          -31.96           14.51
              77          -29.52           15.14
              78           40.38           18.98
              79           79.23           4.429
              80          -57.47           5.716
              81           -47.7           12.06
              82          -10.63           17.48
              83           45.82           18.44
              84          -58.62           17.35
              85          -31.62           15.75
              86           10.42           9.403
              87           35.62            20.8
              88          -48.05           25.17
              89          -28.06           7.574
              90           41.12           18.74
              91           50.06            4.36
              92          -28.74           19.72
              93          -11.37            4.41
              94           51.28           5.511
              95           92.11           6.076
              96          -58.94           5.839
              97          -45.01           15.97
              98          -3.826           17.24
              99           55.42           6.358
             100          -38.58           6.125
             101          -29.59            17.8
             102          -1.653           11.21
             103           45.83           16.19
             104          -45.21           11.93
             105          -8.611           13.96
             106           34.08           17.53
             107           48.09           21.72
             108          -23.11           18.97
             109          -2.451           6.138
             110           34.94           18.59
             111           87.99            4.45
             112          -48.15           9.545
             113          -50.17           16.51
             114           10.66           12.63
             115           57.32           6.052
             116          -41.88           5.642
             117             -27           5.279
             118           19.94           19.29
             119           50.26           21.55
             120          -26.46           16.86
             121          -5.763           4.098
             122           19.19           16.43
             123           74.94           6.192
             124          -28.69           16.97
             125          -19.96           4.068
             126           43.13           9.183
             127             125           6.225
APV                3              20               0               0
               0           203.5           50.06
               1           66.19           42.89
               2            78.4           46.25
               3           71.13           52.63
               4          -52.29           44.09
               5          -49.78           38.61
               6          -15.88           38.97
               7          -4.158           35.78
               8          -104.9           29.73
               9           -79.8           30.04
              10          -93.41           19.58
              11          -46.75           13.05
              12          -106.7           24.36
              13          -66.81           22.38
              14          -14.44           10.48
              15            12.8           9.765
              16          -59.96           15.37
              17           -81.4           8.737
              18          -24.68           17.65
              19           6.483           6.732
              20          -72.35           5.678
              21           -35.2           5.527
              22           -14.5           7.032
              23           37.98           18.79
              24          -62.28            5.62
              25          -31.94           21.14
              26            13.1           5.038
              27           51.78           9.895
              28          -36.02           22.29
              29           -8.86           17.55
              30           8.752           7.276
              31           55.94            7.24
              32          -41.84            8.81
              33          -51.82           18.15
              34          -11.69           3.741
              35            48.7           15.62
              36          -52.63           12.51
              37          -16.34           5.701
              38           20.49           13.85
              39           47.56           13.38
              40          -53.65           6.984
              41          -13.99           19.25
              42            10.9            6.95
              43           45.81           6.842
              44          -29.32           17.36
              45          -1.438           20.03
              46           34.32           26.58
              47           72.09           7.453
              48          -41.98           7.103
              49          -41.73           13.43
              50           11.83           6.449
              51           53.98           5.723
              52          -68.37           11.29
              53          -23.79           6.048
              54           24.07            6.16
              55           49.43           6.306
              56          -31.91           4.701
              57           7.489           24.16
              58           46.55           6.058
              59           35.72           13.62
              60          -38.01           20.61
              61          -9.329           13.05
              62           37.16           9.782
              63           44.32           7.351
              64          -63.94           7.018
              65          -36.74           27.21
              66           6.103           18.64
              67            44.7           7.157
              68          -50.81           15.94
              69          -15.09           10.76
              70           16.71           12.95
              71           37.39           18.39
              72          -59.62           9.933
              73           3.542           9.077
              74            10.9           5.253
              75           33.27           27.26
              76          -15.59           11.49
              77          -1.972           16.64
              78           18.46           25.02
              79           68.62           11.44
              80          -50.71           7.182
              81          -27.48           4.246
              82           12.28           16.28
              83           47.19            7.77
              84           -38.2           19.98
              85          -23.96              22
              86           13.65           17.41
              87           53.23           7.238
              88          -38.76           12.15
              89          -15.61           5.518
              90           29.04           5.403
              91           41.38           6.526
              92          -18.82           4.739
              93            9.33           3.551
              94           31.47           24.63
              95           71.58           7.166
              96          -50.49           18.88
              97          -40.73           11.89
              98         -0.8064           17.69
              99           47.63           7.082
             100          -60.61           12.88
             101          -27.34           7.064
             102           15.23           20.95
             103           45.86           15.89
             104          -43.37           7.253
             105          -4.549           21.22
             106           35.68           6.905
             107           47.29            11.9
             108          -26.12           6.607
             109            2.47           11.36
             110           55.57           23.94
             111           83.22           7.062
             112          -54.59           7.104
             113          -8.518           4.922
             114            24.5            5.22
             115           55.19           6.364
             116           -41.7           4.325
             117          -1.712           12.79
             118           34.49           6.301
             119            46.8           6.398
             120          -44.62           20.99
             121           6.689           9.675
             122           50.83           7.988
             123           54.93           6.618
             124           -22.6           5.758
             125          -1.791           3.204
             126           44.92           16.94
             127           80.77           7.065
APV                3              20               0               1
               0           248.5           51.97
               1           77.82           44.32
               2           56.55            48.1
               3           80.39           53.64
               4          -31.95           39.76
               5          -58.84           40.16
               6          -6.597            37.1
               7           6.577           32.71
               8          -86.71           24.69
               9          -97.59           20.01
              10            -116           15.41
              11          -45.52           13.19
              12          -94.96            11.9
              13          -76.56           11.37
              14          -3.304           10.28
              15           16.63           9.917
              16           -34.1           9.171
              17          -58.86           8.021
              18          -27.36           7.304
              19           30.31           6.966
              20          -57.41           6.958
              21          -49.18           6.476
              22           6.453            6.32
              23           46.99           6.568
              24          -35.09           6.911
              25          -36.58           6.706
              26           14.49           6.623
              27           24.44           6.715
              28          -27.32           6.564
              29          -27.03           6.378
              30           31.67           6.515
              31           35.28           6.552
              32          -23.51           6.963
              33          -26.78           7.019
              34           10.81           6.631
              35           52.02           6.867
              36          -32.75           6.841
              37           -37.5           6.708
              38           19.75           6.763
              39           31.68           6.827
              40          -34.89           7.007
              41          -36.72           7.044
              42           33.39           6.951
              43           46.34           6.931
              44          -36.22           6.805
              45          -6.224            7.22
              46           39.38           6.765
              47           52.67           6.943
              48          -19.93           6.466
              49          -29.41           6.442
              50         -0.6917           6.156
              51           47.97           6.486
              52          -24.62           6.424
              53          -32.93           6.332
              54           19.11           6.398
              55           24.55           6.377
              56          -28.58           6.538
              57          -33.12           6.405
              58           37.84           6.546
              59           32.07           6.715
              60          -28.45           6.409
              61          -15.95           6.254
              62           39.02           6.355
              63           56.74            6.63
              64          -38.73           7.727
              65          -35.66           8.629
              66           7.699           6.651
              67           51.13           6.751
              68          -35.03           6.763
              69          -39.21           7.853
              70         -0.9648           6.364
              71           39.39           6.819
              72          -31.92           6.865
              73          -18.53           8.809
              74           35.31             6.8
              75           45.52           6.863
              76          -24.06           6.598
              77          -2.375           6.223
              78           39.29            6.66
              79           41.37           6.916
              80          -36.11           6.824
              81          -44.34            6.41
              82           22.73           6.491
              83           36.03           6.755
              84          -10.88           6.755
              85          -20.67            6.35
              86           21.42           6.434
              87           33.27           6.427
              88          -33.87           6.629
              89          -28.98            6.62
              90           16.04           6.409
              91           37.51           6.532
              92          -18.72           6.347
              93          -23.76           6.338
              94           47.69           6.379
              95           43.55           6.671
              96          -38.64           6.727
              97          -26.77           6.851
              98           25.24           7.017
              99           36.07           6.881
             100          -38.02           6.673
             101           -34.9           6.755
             102           19.41            6.83
             103           36.47           6.736
             104          -24.49           6.689
             105          -29.66           8.884
             106           24.86           7.064
             107           38.68            6.96
             108          -37.19           6.422
             109          -11.29           6.566
             110           61.77            6.82
             111           67.51           6.981
             112           -35.9           6.825
             113          -36.24           6.323
             114            7.74           6.182
             115           31.37            6.51
             116          -33.55           6.473
             117          -27.43           6.177
             118           16.62            6.27
             119           43.16           6.468
             120          -29.55           6.477
             121          -24.68           6.273
             122           32.69           6.341
             123           53.95           6.625
             124          -20.07           6.383
             125          -12.01            6.16
             126           44.89           6.255
             127           48.95           6.898
APV                3              20               0               6
               0           277.3           51.95
               1           101.9           46.14
               2           87.07           47.67
               3           52.91           53.46
               4          -23.46           38.75
               5          -16.98           36.79
               6          -1.187           38.57
               7           2.978           33.88
               8          -48.83           33.67
               9          -65.73           18.75
              10          -107.6           21.05
              11          -60.89           12.48
              12          -61.89           19.22
              13          -50.02           24.81
              14          -38.08           10.26
              15          -3.559           8.318
              16          -28.91           15.35
              17          -36.35           8.569
              18          -2.436            5.15
              19           4.713           11.62
              20           -39.1           5.192
              21          -10.73            4.71
              22            12.7           13.69
              23            19.2           21.36
              24          -36.92           23.65
              25          -11.83           10.81
              26           3.176           5.027
              27           1.915              14
              28           5.476           13.18
              29          -11.94           12.06
              30          -1.287           5.635
              31           20.02           8.222
              32          -18.51           6.045
              33          -8.512           4.779
              34          -4.914           3.899
              35           3.267           13.29
              36          -28.25           5.968
              37           2.449           9.141
              38           -4.79            18.9
              39           18.97           22.17
              40          -16.31           9.701
              41          -10.54           10.65
              42          -3.353           16.72
              43           20.69           16.37
              44           1.525           10.57
              45           2.814           23.36
              46          -4.327            5.99
              47            30.1           13.27
              48          -8.618           5.892
              49          -17.35            6.99
              50           22.58           5.657
              51           18.45           6.672
              52          -27.06           5.568
              53          -3.763           26.05
              54           -12.2           16.98
              55           3.043           15.06
              56          -19.29            24.2
              57          -15.22           6.002
              58           -1.73           5.424
              59           23.55           4.082
              60           3.346           6.626
              61          -1.312           13.53
              62           4.964           8.673
              63            12.4            6.37
              64          -23.67           16.23
              65          -10.92           8.281
              66          0.3003           5.574
              67           2.714           5.561
              68          -15.59           6.241
              69          -17.74           26.82
              70           2.808           15.06
              71           13.56           19.76
              72          -10.88           24.68
              73           8.973           24.63
              74         -0.6707           15.94
              75         -0.1087           18.21
              76          -17.06           14.02
              77          -11.66           19.76
              78           12.94           8.246
              79           32.44           9.938
              80          -4.748           5.239
              81          -2.472            10.1
              82           25.41           18.16
              83           32.26           18.21
              84          -11.14           8.044
              85           6.502           5.361
              86          -11.09           16.56
              87           24.87           22.69
              88        -0.05185           7.756
              89          -6.898           12.88
              90           13.21           5.758
              91           7.473           8.042
              92          -8.322            5.02
              93          -6.212           4.218
              94           13.75           24.13
              95           24.08           6.811
              96          -11.74           6.092
              97          0.1335           9.073
              98          -1.339           5.792
              99           22.48           16.01
             100          -27.28           23.76
             101           1.515            28.6
             102          0.7059           16.89
             103           16.17           10.51
             104          -17.09           23.06
             105           6.933           14.13
             106           5.137           12.83
             107           16.72           7.585
             108          -2.721            4.93
             109          -1.292           12.38
             110           12.99           11.16
             111           18.79           4.643
             112          -11.02           5.485
             113           10.34           6.248
             114           21.12           20.27
             115            12.9            10.7
             116          -20.85           24.11
             117          -13.03           6.699
             118          -6.456           15.99
             119           16.05           19.87
             120          -10.92            9.48
             121          -12.22           24.25
             122            13.5            4.79
             123           15.62           6.568
             124          -9.861           5.737
             125          -4.624           3.872
             126           11.46           9.758
             127          -3.389           10.08
APV                3              20               0               7
               0           265.5           50.19
               1           114.7           45.38
               2            90.3           45.61
               3           51.55           50.64
               4          -18.99           37.78
               5           -10.6           35.78
               6          -17.57           33.02
               7          -19.73           29.39
               8          -78.39           22.88
               9          -56.26            18.6
              10          -96.09            14.1
              11          -53.06           11.82
              12          -69.33           10.89
              13          -41.27           10.37
              14          -19.28             9.9
              15           -12.3           24.02
              16          -47.37           8.613
              17          -21.72           7.252
              18          -27.24           6.479
              19          -4.873           5.651
              20          -37.51           5.971
              21          -28.39           5.478
              22          -13.02           5.537
              23           19.22            15.9
              24          -32.98           5.729
              25          -2.231           5.102
              26           7.337           5.213
              27           15.17           5.255
              28           -8.41           5.106
              29           7.672           5.066
              30           19.91           5.452
              31           41.66           12.52
              32          -19.95           5.867
              33          -16.51           5.863
              34           4.406           5.466
              35           15.05            19.8
              36          -25.71           5.914
              37          -18.51           5.633
              38         -0.8977           5.073
              39           21.55            11.1
              40           -28.9           6.019
              41          -11.34           5.835
              42           1.632           5.316
              43           24.08           5.686
              44          -38.23           5.456
              45          -9.354           6.134
              46           22.26            5.82
              47           45.83            15.9
              48          -20.55           5.568
              49          -9.328           5.125
              50          -3.939           4.855
              51           24.96           5.801
              52          -29.08           5.151
              53           -9.39           4.902
              54           7.019           4.965
              55           31.69           5.345
              56          -7.406           5.115
              57            6.75            4.99
              58           22.69           5.518
              59           26.49           15.23
              60          -18.19           5.094
              61          -8.045           4.817
              62           23.86           4.927
              63           42.24           5.425
              64          -42.85           5.567
              65          -15.92           7.331
              66          0.6637           5.011
              67            19.5           14.25
              68          -14.24           5.936
              69          -3.208           7.213
              70          -1.496           5.285
              71              19           14.69
              72           -30.6           5.611
              73          -8.357           8.342
              74          -4.971           5.126
              75           10.73           5.719
              76          -17.78           5.349
              77           4.551           4.945
              78           24.99           5.607
              79           37.23           5.664
              80          -25.94           5.471
              81          -16.37           5.297
              82          -16.78           4.999
              83           6.596           5.093
              84          -35.35           5.667
              85          -11.77           5.192
              86          -4.519           4.826
              87           23.09           7.028
              88          -27.15            5.28
              89          -9.347           5.096
              90         -0.2152           5.191
              91           24.85            23.8
              92          -14.66           5.811
              93          -11.74           5.232
              94           20.24            6.81
              95           44.77           5.429
              96          -25.03           5.459
              97           5.997           5.493
              98           10.72            5.52
              99           23.97            5.52
             100          -19.47           5.619
             101         -0.4182           5.256
             102           6.424           5.433
             103           39.88           5.608
             104          -23.64            5.36
             105          -12.32           8.219
             106           5.662           5.803
             107            33.8           22.08
             108           -18.2           5.899
             109          -17.01           5.597
             110           23.63           5.566
             111           55.64           5.647
             112          -25.63           5.284
             113          -8.519           4.913
             114           9.299           5.358
             115           10.91           17.95
             116          -18.96           5.672
             117          -14.04           4.904
             118         0.02963           4.897
             119           28.42           13.18
             120          -23.05           5.278
             121          0.1652             4.7
             122           25.13           5.203
             123           25.06           11.31
             124          -15.58           5.013
             125          -2.173           4.409
             126           13.04           6.462
             127           29.66            5.82
