APV                3              20               3               0
               0           335.8           49.53
               1           71.15           40.39
               2           86.88           44.68
               3            72.9           48.36
               4          -51.75           35.27
               5          -58.06           37.88
               6          -16.93           35.38
               7           2.655           30.95
               8          -104.4           21.83
               9          -106.2           17.72
              10          -98.83           13.51
              11          -23.92           11.69
              12            -107           10.53
              13          -67.01           9.775
              14           5.976           9.059
              15           35.13            8.73
              16          -52.23           7.946
              17          -65.14           7.245
              18           0.906           6.445
              19           30.31           6.854
              20           -43.4           6.654
              21          -38.36           6.571
              22          -7.407           6.208
              23           33.37           6.367
              24          -55.86           6.424
              25          -41.46           6.453
              26            23.3           6.473
              27           60.39           6.714
              28          -56.33            6.28
              29          -24.02           6.378
              30           34.81           6.356
              31           72.63           6.583
              32          -29.14           6.471
              33          -41.93            6.86
              34          -0.251           6.394
              35           45.49            6.87
              36          -34.59           6.549
              37           -33.5           6.779
              38         -0.2827           6.278
              39           43.59           6.829
              40          -41.43           6.736
              41          -28.77            6.88
              42           25.04           7.021
              43           45.08           6.899
              44           -47.5           6.633
              45          -3.292           6.774
              46           43.36           6.683
              47           68.58           7.103
              48          -34.84           6.239
              49          -52.13           6.304
              50         0.06807            6.16
              51           51.87           6.527
              52          -33.87           6.205
              53          -38.56           6.156
              54           12.11           6.268
              55           51.81           6.404
              56          -46.95           6.206
              57          -32.96           6.291
              58           31.77           6.482
              59           49.79           6.536
              60          -48.51           6.085
              61          -12.43           6.275
              62           28.28           6.086
              63           67.87           7.536
              64           -31.7           6.362
              65          -50.35           6.927
              66          -1.509           6.131
              67           39.06           6.641
              68           -36.7           6.354
              69          -51.82           7.003
              70           13.46           6.668
              71           43.32           6.849
              72          -57.85           6.264
              73          -34.91           7.324
              74           43.85           6.703
              75           56.51           6.794
              76          -50.57            6.32
              77          -9.825           6.463
              78           47.72           6.692
              79            85.7            6.97
              80          -28.66           6.379
              81          -48.39           6.412
              82          -5.362           5.953
              83           45.29           6.619
              84          -36.03           6.509
              85          -39.16           6.356
              86           1.104           5.934
              87           46.89           6.494
              88          -49.75           6.379
              89          -28.69            6.41
              90           32.18           6.328
              91           49.18           4.441
              92          -44.09           6.042
              93          -22.72           6.305
              94            37.5            6.45
              95           71.02           6.733
              96          -35.04           6.434
              97          -50.79           6.767
              98           17.93            6.85
              99           50.86           6.891
             100          -47.82           6.443
             101          -31.79           6.707
             102           25.81             6.7
             103           53.18           6.946
             104          -43.25           6.473
             105          -30.98           7.584
             106           46.19            6.91
             107           53.86            6.87
             108           -47.2           6.362
             109          -8.361           6.555
             110           45.47             6.7
             111           98.33           7.156
             112          -22.74            4.19
             113          -44.42           6.146
             114          -1.137           5.879
             115           51.95           6.606
             116          -51.41           6.261
             117          -32.02           6.081
             118           23.43           6.254
             119           57.94           6.432
             120          -62.69           6.224
             121          -25.51           6.149
             122            35.4           6.207
             123           60.81           6.684
             124          -39.04           6.036
             125          -5.294           5.892
             126           39.59           6.178
             127           88.25           7.101
APV                3              20               3               1
               0           284.5           52.21
               1           75.89           42.33
               2           85.96           44.18
               3           65.24           49.38
               4          -45.14           34.92
               5          -48.32           37.19
               6          -22.12           34.73
               7          -1.725           32.32
               8          -104.1           26.56
               9          -67.64           20.65
              10          -62.39           25.27
              11          -27.17              21
              12          -94.56           26.07
              13          -61.55           16.05
              14           5.534            27.7
              15           21.48           10.37
              16          -40.68           9.919
              17          -64.66           7.661
              18          -32.08           16.97
              19           20.59           7.452
              20          -63.23           16.87
              21          -38.78           12.35
              22            -6.8           15.94
              23           45.43           4.589
              24          -53.99           6.848
              25           -19.4           6.883
              26           6.977           19.16
              27            45.3           10.17
              28          -33.32           26.16
              29          -30.41           7.534
              30           16.99           12.92
              31           39.56           5.049
              32          -42.03           11.68
              33          -54.47           4.799
              34           -2.86           3.136
              35           41.62           16.47
              36          -41.97           16.16
              37          -31.71            7.38
              38           22.09           6.908
              39           46.88           7.225
              40          -45.87           4.562
              41          -23.28           7.057
              42           21.74           7.148
              43           34.67           7.261
              44          -43.38           27.37
              45          -12.82           8.384
              46              39           25.85
              47            55.6           9.033
              48          -25.93           6.756
              49          -49.69           12.83
              50          -0.581           6.324
              51           39.84           3.772
              52          -49.01           6.626
              53          -34.96           8.244
              54            4.17           13.95
              55           45.94           16.75
              56          -25.84           5.295
              57          -27.84           14.76
              58           16.95           8.771
              59           46.59            6.96
              60          -42.41           10.68
              61          0.1814           3.271
              62           36.74           6.435
              63           47.82           4.946
              64          -34.37           7.477
              65          -29.35           4.849
              66           15.11           16.46
              67           65.33           14.77
              68          -39.76           13.59
              69          -30.78           8.509
              70           12.18            12.2
              71           37.62           7.192
              72          -39.83           6.615
              73          -13.46           7.073
              74           24.01           20.35
              75           44.41           12.77
              76          -39.66           4.153
              77           7.848           6.663
              78           28.46           14.55
              79           53.48           7.481
              80          -39.89           6.897
              81           -41.6           11.99
              82          -3.152           9.606
              83           32.09           8.468
              84          -49.38           20.32
              85          -23.68           6.937
              86           15.85           13.68
              87           59.54            18.5
              88          -27.15           8.367
              89          -28.53           6.708
              90           18.41           10.53
              91           41.18             6.9
              92          -23.26           3.992
              93           3.834           3.287
              94           45.94           7.892
              95           61.08           6.467
              96          -51.63           6.635
              97          -48.46           5.853
              98          -4.497           10.87
              99           40.24           7.027
             100          -49.91           19.49
             101          -33.39           11.01
             102           18.33           7.019
             103            53.5           6.995
             104          -23.59           9.564
             105          -17.22           7.755
             106           27.46           6.523
             107           58.11           7.116
             108          -29.68            6.91
             109          -10.85           3.347
             110           41.86           6.557
             111            69.7           3.935
             112          -43.26           13.42
             113          -25.11           6.832
             114           10.64           17.82
             115           45.77           4.592
             116          -43.07           4.247
             117          -22.14           6.374
             118           36.64           21.55
             119           53.78           17.26
             120          -27.66           12.84
             121          -16.82            6.66
             122           36.19            12.7
             123           43.37           4.074
             124          -26.59            4.08
             125          -14.26           6.279
             126           22.43            13.2
             127           92.13           9.421
APV                3              20               3               6
               0           286.7           48.19
               1            71.2           39.71
               2           67.31           39.51
               3           59.83            42.7
               4          -57.53            31.2
               5          -29.67           32.11
               6          -13.48            30.2
               7           8.058            26.5
               8          -78.65            19.7
               9          -91.82           15.51
              10          -72.94           12.22
              11          -7.521           10.33
              12          -76.04           9.589
              13          -69.25           8.867
              14          -3.583           7.932
              15           21.35           7.716
              16          -42.06           7.354
              17          -51.35           6.577
              18          -22.91           6.197
              19           10.48           6.004
              20          -64.93           6.012
              21          -48.23           5.776
              22          -6.894           5.574
              23           53.93           5.752
              24          -42.01            5.87
              25          -43.72           5.801
              26           10.01           5.685
              27           59.83           5.968
              28          -31.53           5.711
              29          -5.703           5.509
              30           23.94           5.679
              31           60.79           5.975
              32          -10.06           6.103
              33          -47.24           6.235
              34           -10.4           5.975
              35           39.06           6.083
              36          -50.66           5.891
              37          -45.49           6.029
              38           3.889            5.82
              39           31.27           5.972
              40          -39.79           6.241
              41          -26.45           6.258
              42           19.46           6.243
              43           42.85           6.033
              44          -23.66           6.142
              45          -3.811           6.064
              46           19.83           6.126
              47           67.84           6.375
              48          -32.53           5.598
              49          -26.29           5.434
              50          -5.994           5.258
              51           40.05           5.447
              52          -46.21           5.402
              53          -45.79           5.184
              54          -2.814           5.134
              55           57.23           5.463
              56          -37.74            5.42
              57          -29.89           5.288
              58           12.63           5.458
              59           49.76           5.726
              60          -31.15           5.276
              61          -15.38           5.291
              62           33.97           5.169
              63           62.39           5.706
              64          -35.59           5.472
              65          -40.61           6.237
              66           10.66            5.47
              67           35.58           5.743
              68          -41.85           5.714
              69          -34.45             6.2
              70          -1.731            5.55
              71           38.62           5.963
              72          -42.48           5.532
              73          -21.34           6.003
              74            13.2           5.634
              75           39.32           5.747
              76          -33.47           5.524
              77          -33.83           5.579
              78           15.51            5.75
              79           63.93           5.767
              80           -28.5            5.69
              81          -40.12           5.723
              82           12.73           5.373
              83           30.53           5.842
              84          -39.14           6.171
              85          -32.81           5.776
              86           12.47           5.625
              87           55.17           5.863
              88          -24.18           5.722
              89          -33.81            5.65
              90          0.7684           5.139
              91           47.32            5.95
              92          -22.98           5.521
              93           -14.7           5.558
              94           25.84           5.669
              95           69.21           5.735
              96          -28.62             5.8
              97          -34.57           6.049
              98           10.74            5.97
              99           49.42           6.291
             100          -35.67           6.014
             101          -14.55           6.133
             102           14.19           6.043
             103           43.37           6.139
             104          -26.02            5.92
             105          -22.42           6.819
             106            27.8             6.1
             107           58.94           6.275
             108          -14.05           5.665
             109           2.954           5.824
             110           37.95           5.969
             111           88.42           6.124
             112           -34.3           5.533
             113          -36.53           5.327
             114          0.1079           4.817
             115           43.52           5.505
             116          -33.89           5.459
             117          -26.31           5.178
             118           4.757           4.969
             119           46.67           5.504
             120          -29.59           5.424
             121          -24.23           5.299
             122           16.39           5.146
             123           63.02           5.662
             124          -32.84           5.221
             125          -23.53            5.06
             126           40.68           5.211
             127           103.3           5.774
APV                3              20               3               7
               0           291.8           48.96
               1           91.54           44.28
               2           98.18           43.56
               3           62.91           46.69
               4          -45.27           38.73
               5           -34.3           36.33
               6          -10.48           33.98
               7          -10.32           29.88
               8          -93.49           22.05
               9          -71.03           16.81
              10          -77.44           12.76
              11          -29.77           10.96
              12          -82.84           14.51
              13          -65.34           19.34
              14          -2.829           7.628
              15           13.66           7.745
              16          -47.54           7.067
              17          -43.55           6.326
              18          -0.605           5.257
              19           11.78           11.89
              20          -50.76           5.904
              21          -18.68             5.4
              22             9.9           5.194
              23           36.09           5.299
              24          -54.58           5.655
              25          -36.21           5.419
              26           19.98           5.136
              27           34.29           5.615
              28          -45.87           5.327
              29          -17.79           5.054
              30           32.05           20.15
              31           50.78           6.027
              32          -34.18            5.79
              33          -55.44           5.902
              34           -2.67           5.262
              35           50.08           8.667
              36           -33.8           5.801
              37          -24.08           19.49
              38            23.3            6.18
              39           41.31           5.871
              40           -48.8           5.914
              41          -21.31           6.026
              42           19.71           5.858
              43           27.39           5.807
              44          -34.85           14.12
              45          -14.59           6.187
              46           27.78           17.84
              47           34.05            6.41
              48          -48.57           5.474
              49          -43.26           5.334
              50           8.093           5.142
              51           42.43           5.571
              52          -35.04           5.241
              53          -27.24           5.079
              54           17.02           10.97
              55           22.33           5.425
              56           -37.2           5.331
              57          -13.56           13.14
              58           35.43           6.188
              59           27.29           5.587
              60          -37.04           5.036
              61          -26.52           5.001
              62           40.11           5.006
              63            44.3           5.703
              64          -43.43           5.424
              65          -29.18           6.202
              66          -1.767            4.98
              67            47.1           5.531
              68          -38.73           16.77
              69          -23.32           17.96
              70           10.75           6.071
              71           28.18           5.917
              72          -30.79           10.88
              73          -22.25           6.218
              74           26.71           5.636
              75           24.38           5.642
              76          -45.02           10.43
              77          -26.18           5.379
              78           45.46           5.588
              79           59.82           5.937
              80          -52.97           5.426
              81          -33.88            5.21
              82            14.1           4.958
              83           40.43            5.42
              84          -36.35           5.568
              85          -19.78           5.206
              86           17.13           5.138
              87           32.44           5.228
              88          -34.69           6.861
              89          -30.51           15.47
              90           29.88           8.366
              91           40.66            5.56
              92          -28.36           5.165
              93          -5.596           4.864
              94           40.25           5.114
              95           62.69           5.665
              96          -54.55           5.452
              97           -39.5           5.621
              98           20.81           5.541
              99           39.06           5.734
             100          -37.82           5.586
             101          -7.672           18.17
             102           21.41           6.035
             103           49.85           5.846
             104          -31.88           5.461
             105          -13.77           13.29
             106           37.12           5.937
             107           39.41           5.848
             108          -29.75           18.81
             109          -8.849           5.904
             110           36.73           5.661
             111           65.44           5.874
             112          -32.85             5.4
             113          -30.19           5.127
             114           2.332            6.81
             115            37.9           5.408
             116          -36.95           5.238
             117           -19.3           19.28
             118           21.69           5.544
             119            48.8           5.504
             120          -16.04           7.063
             121          -13.65           20.84
             122           21.71           13.63
             123           23.73           5.745
             124          -37.97           5.078
             125          -20.55           4.872
             126           36.63           5.053
             127           77.69           10.75
APV                3              20               2               0
               0           265.1           45.81
               1           84.64            37.8
               2           64.87           42.87
               3           49.55            45.4
               4          -12.62           33.36
               5          -22.19           35.29
               6          -33.61           32.83
               7          -3.311           28.43
               8          -55.76           19.73
               9          -77.55           16.04
              10          -122.6           12.34
              11          -25.36           10.96
              12             -64           9.942
              13          -66.03           9.273
              14          -30.05           8.816
              15           13.83           8.297
              16          -6.096           7.747
              17          -53.75           7.135
              18          -36.04           6.839
              19           16.08           6.898
              20          -30.73           6.911
              21          -27.71           6.517
              22          -6.683           6.221
              23           24.79           6.481
              24          -25.61           6.743
              25          -13.76            6.58
              26           1.609           5.981
              27           64.67           6.792
              28           -19.2           6.371
              29          -15.09           6.395
              30          -5.038           5.992
              31           35.46           6.542
              32          -10.22           6.819
              33          -42.85           6.973
              34            -7.2            6.45
              35           12.38           6.728
              36          -41.91           6.826
              37          -26.23            6.72
              38         -0.8735           6.276
              39           41.47           6.849
              40          -17.48           7.128
              41           -6.41           6.736
              42           2.774           6.546
              43           34.28           6.997
              44          -45.73           6.681
              45          -9.732           7.036
              46           8.092           6.475
              47           62.43           7.043
              48          -1.081           6.167
              49          -23.72           6.364
              50             3.6           6.231
              51           29.74           6.552
              52          -10.49            6.31
              53          -18.93           6.192
              54          -12.24            6.28
              55           25.23           6.377
              56          -26.35           6.512
              57          -2.902           6.072
              58          0.1415           6.024
              59           40.61           6.673
              60          -18.39           6.222
              61           -21.3            6.24
              62           12.59           6.077
              63           44.22           7.445
              64          -4.535           6.375
              65          -25.92           7.004
              66          -6.895           6.336
              67           16.98           6.592
              68          -9.015           6.691
              69          -7.531           6.844
              70          -8.192           6.397
              71           15.39           6.645
              72          -21.95           6.613
              73          -7.777           6.675
              74           8.146           6.508
              75           46.29           6.731
              76          -18.75           6.414
              77          -14.12            6.56
              78           17.96           6.641
              79           63.33           6.729
              80          -19.46           6.784
              81          -29.77           6.447
              82          -22.09           6.193
              83           38.49           6.505
              84          -22.07           6.879
              85          -13.58           6.381
              86          -9.755           6.192
              87           50.06           6.441
              88          -22.61             6.7
              89          -27.53           6.396
              90          -9.305           6.181
              91           66.77           6.707
              92          -25.16           6.412
              93          -27.94           6.266
              94           5.348           6.093
              95           37.59           6.621
              96          -37.29           6.812
              97          -5.544           6.588
              98          -6.899           6.587
              99           11.11           6.709
             100          -26.62           6.804
             101          -16.57           6.855
             102          -13.39           6.652
             103           47.85           6.739
             104          -15.96           6.722
             105          -20.71           7.578
             106           11.79           6.835
             107           50.76           7.044
             108          -30.39           6.585
             109          -6.134           6.601
             110           25.37           6.578
             111           77.51           6.797
             112           -17.1           6.712
             113          -25.72           6.357
             114          -3.138           6.052
             115           42.52           6.461
             116          -22.65           6.511
             117           7.188           5.948
             118          -1.199           5.882
             119           39.56           6.479
             120          -18.62           6.455
             121          -11.11           6.369
             122           4.976           6.076
             123           40.59           6.656
             124          -14.76            6.18
             125           -8.33            6.02
             126            6.88           5.898
             127            96.2           7.088
APV                3              20               2               1
               0           276.2            48.1
               1           81.37           39.99
               2           83.95              45
               3           46.02           47.08
               4          -10.53           34.74
               5          -13.86           36.09
               6          -8.705           33.73
               7           -16.4           29.12
               8          -39.72           20.42
               9           -58.5           17.25
              10          -57.89           13.38
              11          -31.92           11.93
              12          -64.88           11.15
              13          -70.71           10.32
              14          -6.906            9.63
              15           12.55           9.166
              16          -6.425           8.621
              17          -35.76           8.212
              18          -5.525            7.45
              19          -12.95           7.563
              20          -10.38            7.58
              21          -30.85           7.377
              22          -16.97           7.193
              23            15.8           7.131
              24          -13.26           7.523
              25          -25.75             7.4
              26           1.152           6.764
              27           13.39           7.427
              28           -7.16           7.225
              29          -25.75             7.2
              30         -0.3559           6.838
              31            21.6            7.21
              32           5.252           7.631
              33           -25.5           7.914
              34           2.145           7.188
              35           5.058            7.36
              36          -16.55           7.703
              37           -20.1           7.729
              38           17.33           7.501
              39           16.19            7.47
              40          -41.89           7.959
              41          -14.96            7.85
              42           23.06           7.954
              43           28.44           7.817
              44             -40           7.602
              45          -24.66           7.894
              46            23.7           7.554
              47           31.62            7.84
              48          0.9216           7.068
              49           -25.3           7.171
              50           5.143           6.894
              51           23.42           7.334
              52          -10.53           7.176
              53          -29.23           7.035
              54           9.615           7.036
              55           10.07           6.948
              56          -15.18            7.36
              57          -16.81           7.246
              58           15.65             7.2
              59           10.08           7.302
              60          -22.81           7.078
              61          -18.19           7.016
              62           20.68           7.006
              63           25.74           7.304
              64          -6.258           8.104
              65          -7.992           7.883
              66           -1.19           7.166
              67            13.3           7.324
              68          -8.393           7.477
              69          -11.45           7.903
              70          -10.88           7.363
              71           22.99           7.556
              72          -21.53           7.485
              73          -1.758           8.182
              74            15.3           7.617
              75           22.48           7.485
              76          -29.58            7.45
              77          -11.68           7.225
              78           16.47           7.445
              79           34.17           7.581
              80        -0.03524           7.316
              81          -24.53           7.369
              82           1.516           6.735
              83           1.602           6.848
              84          -1.208           7.293
              85          -28.29           7.177
              86           4.689           6.778
              87           14.69           7.075
              88          -29.49           7.431
              89          -40.52           7.288
              90         -0.6931           6.791
              91           27.59           7.338
              92          -9.537            7.15
              93          -17.82           7.122
              94           4.806           6.832
              95           41.68           7.452
              96         -0.3598           7.375
              97          -20.01           7.692
              98           4.665           7.434
              99           7.047           7.458
             100          -3.725           7.394
             101          -28.85           7.578
             102           7.949            7.39
             103           17.39           7.418
             104          -9.559           7.542
             105          -23.21           8.813
             106          0.3319           7.298
             107           38.92           7.735
             108          -24.46            7.39
             109          -28.52            7.49
             110           15.97           7.445
             111           70.28            7.79
             112          -13.69           7.489
             113          -17.22           7.196
             114           17.94           7.213
             115           17.14           7.132
             116          -3.863             7.1
             117          -6.407           6.781
             118           11.42           6.876
             119         -0.3794           6.752
             120           -20.1           7.301
             121          -28.38           7.055
             122           23.14            7.07
             123           37.91           7.336
             124          -13.57           7.093
             125          -5.996           6.745
             126           16.08           6.937
             127           76.35           7.687
APV                3              20               2               6
               0           267.2           51.44
               1           78.53           43.03
               2            61.2           46.57
               3           60.94           48.08
               4          -9.022           34.84
               5             -15           36.71
               6          -20.03           34.11
               7          -2.834           29.34
               8          -80.83              20
               9          -74.32           16.11
              10          -86.36           12.29
              11           -11.4           10.79
              12          -84.06           10.07
              13          -55.05           9.302
              14           -21.4            8.76
              15           34.01           8.119
              16          -24.29            7.56
              17           -55.5           6.633
              18          -18.87           6.149
              19           11.54           5.987
              20          -37.55           6.145
              21          -28.77           5.806
              22          -1.478           5.277
              23           39.65            5.69
              24          -31.09           6.048
              25          -27.85           5.778
              26          -16.38           5.455
              27           37.91           6.011
              28          -32.45           5.652
              29          -14.04           5.696
              30           20.85           5.479
              31           80.96           5.988
              32           -4.49           5.955
              33          -37.16           6.224
              34          -19.89           5.872
              35            28.4           6.078
              36           -41.2           6.091
              37          -27.35           6.112
              38          -4.909           5.671
              39           38.46           6.155
              40          -31.64           6.274
              41          -37.48           6.223
              42           5.001           5.983
              43           43.19           6.274
              44          -22.41           6.123
              45          -5.901           6.094
              46           24.55           5.967
              47           81.89           6.578
              48          -9.173           5.674
              49          -24.84           5.586
              50           2.267           5.198
              51           29.53           5.611
              52          -38.01           5.633
              53             -31           5.427
              54          -14.28           5.461
              55            38.9           5.621
              56          -28.69           5.731
              57          -26.75           5.477
              58          -5.832           5.368
              59           50.18           5.918
              60          -38.89           5.363
              61          -29.35           5.308
              62           17.19           5.279
              63           94.31           6.153
              64          -13.41           5.864
              65          -22.75           6.359
              66          -18.96           5.781
              67           24.28           5.831
              68          -35.53           5.938
              69          -18.22            6.38
              70          -10.18           5.836
              71           47.52           6.186
              72          -47.51           5.793
              73          -15.29           6.186
              74          -12.69           5.827
              75           43.91           6.051
              76          -39.77           5.633
              77          -16.68           5.821
              78           5.614           5.541
              79           82.49           6.315
              80          -31.99           5.877
              81             -33           5.681
              82           -22.3           5.497
              83           19.28           5.733
              84           -21.7           6.108
              85             -16           5.729
              86           3.675           5.153
              87            56.4           5.685
              88          -47.11           5.755
              89          -28.05           5.575
              90         -0.4441           5.001
              91           74.19           6.021
              92          -29.03           5.514
              93          -32.44            5.45
              94           13.14           5.498
              95           111.5           6.201
              96          -22.83           5.935
              97          -16.92           6.132
              98           -4.46           5.773
              99           20.84           6.198
             100          -39.66            6.05
             101           -14.3           6.091
             102          -7.781            5.75
             103           43.91           6.172
             104          -41.15            5.92
             105          -24.59           6.801
             106           10.06           5.947
             107           71.71           6.325
             108          -27.05           5.882
             109           -12.6           6.096
             110           12.68           5.697
             111           110.8           6.406
             112           3.269           5.527
             113          -9.603           5.532
             114          -17.32            5.39
             115           18.78            5.55
             116          -36.24           5.644
             117          -37.68           5.257
             118          -2.316           4.995
             119           41.81           5.667
             120           -40.7           5.688
             121           -15.7           5.479
             122           16.94           5.358
             123           63.08           5.848
             124          -24.87           5.456
             125          -29.66            5.25
             126           20.61           5.314
             127           118.6           6.355
APV                3              20               2               7
               0           195.3            46.8
               1           35.17            36.8
               2           59.34           41.63
               3           80.18            43.9
               4           -62.2           35.48
               5           -42.4            35.6
               6          -2.797           34.44
               7           16.12           31.33
               8          -91.71           24.45
               9          -75.27            22.5
              10          -51.09           11.87
              11          -5.211           10.04
              12          -66.53           9.367
              13          -59.23           7.487
              14          -10.25           18.81
              15           46.05           17.72
              16          -70.01           23.11
              17          -61.45           6.846
              18          -15.36           4.054
              19           54.88           20.46
              20          -70.59           17.72
              21          -41.41           5.982
              22          -15.34           15.37
              23           31.31            12.5
              24          -49.41           5.575
              25          -35.13           17.73
              26           6.585           16.56
              27           45.28           9.321
              28           -44.9           5.595
              29          -11.19           3.705
              30           35.53           5.412
              31           55.55           5.797
              32           -65.5           16.97
              33          -46.34           6.325
              34          -20.41           3.498
              35           44.06           11.52
              36          -58.18            13.6
              37          -18.37           14.66
              38          -11.97           17.96
              39           43.69           6.368
              40          -30.73           6.241
              41          -21.48           6.144
              42            19.4           18.96
              43           52.27            14.6
              44          -35.51           12.86
              45          -7.244           17.66
              46           45.24           6.218
              47           79.59           6.463
              48          -46.35           5.739
              49          -43.22           17.56
              50           10.97            17.5
              51           51.62           16.62
              52          -35.73           5.887
              53          -37.01           16.27
              54           9.917           6.128
              55           52.79           17.88
              56          -42.36            8.43
              57          -30.75            11.6
              58            32.4           5.655
              59           66.19           21.41
              60          -32.32           10.25
              61          -22.59           3.988
              62           57.16           20.59
              63           75.18           4.451
              64          -52.34           8.488
              65          -33.01            6.36
              66          -6.772           3.598
              67           66.84           17.43
              68          -69.27           14.86
              69           -42.5           6.405
              70          -1.757           5.441
              71           65.94           12.75
              72          -54.96           5.736
              73          -21.08           6.142
              74           25.06           20.16
              75           55.73           7.764
              76          -32.49           14.54
              77          -29.85           15.18
              78           40.37           19.06
              79           79.75           4.427
              80          -56.85           5.774
              81          -48.31           12.34
              82          -11.25           16.66
              83           46.44           18.53
              84          -57.73           17.26
              85           -31.9           15.72
              86           9.927           9.526
              87           36.31           20.54
              88           -47.7           24.75
              89          -28.52           7.428
              90           41.31           18.19
              91            50.5           4.269
              92          -28.78           19.68
              93          -11.61           4.334
              94           51.17           5.512
              95           92.24           6.045
              96          -58.68           5.798
              97          -44.75           16.05
              98          -3.751           17.26
              99           55.48           6.392
             100          -38.23           6.116
             101           -29.4           17.54
             102          -1.695           11.35
             103           45.81            15.7
             104          -44.93           11.89
             105          -8.589           14.05
             106           33.66           17.07
             107           47.35              22
             108          -23.47           18.51
             109          -2.949           6.175
             110           34.68           18.64
             111           87.77           4.367
             112          -47.84           9.292
             113          -50.43           16.74
             114           9.704           12.69
             115           57.14           5.947
             116          -41.71           5.619
             117          -27.09           5.395
             118           20.21           19.29
             119           50.82           21.31
             120          -26.26           16.92
             121          -5.822            4.09
             122           18.94           16.34
             123           74.58           6.046
             124          -29.03           16.83
             125          -20.33           4.108
             126           42.96           9.171
             127           125.3           6.249
APV                3              20               0               0
               0           202.9           50.34
               1           65.26           43.51
               2           77.25           45.92
               3           70.13           52.44
               4          -53.18           43.77
               5           -50.5           38.21
               6          -15.23           39.99
               7            -3.7           36.27
               8          -104.5           30.26
               9          -79.02              30
              10          -92.87           19.72
              11          -46.63           13.18
              12          -106.4            24.3
              13          -66.66           22.37
              14          -14.28           10.43
              15           13.22            9.86
              16          -59.93           15.72
              17          -81.36           8.821
              18          -25.02           17.28
              19           6.552           6.767
              20           -72.5           5.715
              21          -35.59           5.583
              22          -14.47           6.838
              23           38.22           18.48
              24          -62.35           5.555
              25          -31.83           21.65
              26            12.9           5.099
              27           51.53           10.01
              28          -36.24           22.77
              29          -8.684           17.76
              30           8.672           7.261
              31           55.81           7.101
              32          -41.67           8.759
              33          -52.33           18.08
              34          -11.72           3.753
              35           48.83           15.45
              36          -52.57           12.59
              37          -16.33            5.71
              38           20.43           13.63
              39           47.37           13.35
              40          -53.29           7.072
              41           -14.2           19.16
              42           11.01            6.81
              43           46.03            6.81
              44          -29.02           16.95
              45          -1.174           19.82
              46              35           25.98
              47           72.57           7.345
              48             -42           7.063
              49          -41.71            13.3
              50           11.64           6.315
              51           53.79           5.654
              52          -68.82           11.05
              53          -24.18           5.975
              54           24.02           6.233
              55           49.45           6.286
              56          -32.18           4.692
              57           6.797           24.45
              58           46.28           6.015
              59           35.23           13.56
              60          -38.52            20.6
              61           -9.52           13.12
              62           36.81           9.764
              63            44.5           7.191
              64          -63.41            6.81
              65          -36.77           26.69
              66           6.583           18.63
              67           45.24           6.874
              68          -51.06           15.61
              69          -15.25           10.94
              70           16.74           13.12
              71           38.36           18.68
              72          -59.52              10
              73            3.61           8.987
              74           10.69           5.363
              75           33.34            27.3
              76          -15.59           11.53
              77          -1.994           17.13
              78           18.97           24.98
              79           69.23           11.07
              80           -50.6           7.142
              81          -27.85           4.258
              82           11.81           16.47
              83           47.06           7.741
              84           -37.8           20.17
              85          -23.33           21.57
              86           13.46           17.63
              87           53.05           7.335
              88          -39.22              12
              89          -16.06            5.47
              90            28.6           5.435
              91           41.59           6.556
              92          -19.12           4.661
              93           9.132            3.52
              94           31.79           24.41
              95           72.57           7.003
              96           -50.4           19.18
              97          -40.57           11.62
              98         -0.4906           18.22
              99            48.1           7.015
             100          -60.27           12.72
             101          -27.09           6.933
             102           15.16           20.77
             103           45.96           16.13
             104          -43.48           7.252
             105          -4.743           20.84
             106           35.38           6.942
             107           47.66           12.12
             108          -25.88           6.641
             109            2.26            11.3
             110            55.4           24.03
             111           83.67            6.98
             112          -54.76           7.109
             113          -8.854           4.938
             114            24.2            5.15
             115           55.53           6.253
             116          -41.84           4.251
             117          -1.781           12.71
             118           34.45           6.301
             119           46.61           6.317
             120          -44.47           21.19
             121           6.742           9.562
             122           50.63           7.877
             123           55.51           6.468
             124          -22.88           5.664
             125          -1.835           3.162
             126           45.43            16.5
             127           81.09           7.054
APV                3              20               0               1
               0           247.9           52.44
               1           77.12           44.84
               2           55.42           47.65
               3           79.35           53.23
               4          -33.43           39.09
               5          -59.84           39.64
               6          -5.825           37.84
               7           6.494           33.28
               8          -86.83           24.76
               9          -97.92           19.46
              10          -116.1           15.32
              11          -45.17           13.22
              12          -94.85              12
              13          -76.76            11.1
              14          -3.173           10.15
              15           16.94            9.92
              16          -34.05           9.092
              17          -59.04           7.935
              18          -27.14           7.205
              19           30.58           6.973
              20          -57.45           6.808
              21          -49.51           6.494
              22            6.22           6.228
              23           47.02           6.455
              24          -35.32           6.634
              25          -36.58           6.541
              26           14.16           6.372
              27           24.31           6.589
              28          -27.57           6.496
              29          -27.34           6.275
              30           31.51           6.315
              31           35.27           6.439
              32          -23.48           6.834
              33          -27.07            6.93
              34           10.57           6.552
              35            51.9           6.668
              36          -32.87           6.665
              37          -37.89           6.617
              38            19.6           6.645
              39            31.7           6.724
              40           -34.7           7.069
              41          -36.86           6.917
              42           33.23           6.939
              43           46.55           6.734
              44          -36.56           6.643
              45          -6.633           6.907
              46           39.29            6.73
              47           52.89           6.794
              48          -19.92           6.504
              49          -29.65           6.341
              50         -0.6279           6.003
              51           47.95           6.408
              52          -24.58            6.39
              53          -33.32           6.146
              54           18.79           6.328
              55           24.71            6.32
              56          -28.85           6.491
              57          -33.23           6.305
              58            37.7           6.443
              59           32.26           6.602
              60           -28.8           6.265
              61           -16.3           6.135
              62           38.78           6.166
              63           56.75           6.498
              64             -38           7.144
              65          -34.92           7.109
              66            7.87           6.412
              67           51.56           6.664
              68           -34.6           6.666
              69          -39.42           6.995
              70          -0.973           6.284
              71           39.65           6.652
              72          -31.63           6.528
              73          -18.41           7.461
              74           35.57           6.739
              75           45.44           6.704
              76          -24.23           6.537
              77           -2.28           6.175
              78           39.39           6.637
              79           41.86            6.75
              80          -35.61           6.641
              81          -44.42           6.383
              82           22.85           6.436
              83           36.28           6.506
              84          -10.82           6.644
              85          -20.91            6.37
              86           21.25           6.287
              87           33.62           6.395
              88          -33.73           6.554
              89          -28.93           6.524
              90           15.93           6.292
              91           37.49           6.557
              92           -18.7           6.405
              93          -23.84           6.294
              94           47.67           6.294
              95           43.89           6.497
              96          -38.24           6.618
              97          -26.74           6.878
              98           25.23           6.932
              99           36.26           6.821
             100          -37.49           6.712
             101          -34.76           6.685
             102           19.43           6.766
             103           36.87           6.721
             104          -24.14           6.787
             105          -30.04           7.646
             106            24.9           6.873
             107            39.1           6.927
             108          -36.94           6.607
             109          -11.52           6.562
             110           61.72           6.626
             111           68.02           6.921
             112          -35.56           6.637
             113          -36.23           6.254
             114           7.652           6.159
             115           31.57           6.456
             116          -33.14           6.396
             117          -27.53           6.193
             118           16.54           6.167
             119           43.48           6.406
             120          -29.27           6.329
             121          -24.58           6.381
             122           32.88            6.31
             123           54.52           6.564
             124          -19.87           6.291
             125          -11.74           6.085
             126           45.01            6.26
             127           49.44           6.791
APV                3              20               0               6
               0           276.9           52.54
               1           101.7           46.73
               2           86.02           47.46
               3           51.94           53.16
               4          -24.87           38.13
               5          -17.64           36.23
               6         -0.7441           39.55
               7           2.962            34.2
               8          -48.73           33.59
               9          -65.59           18.76
              10          -107.6           21.03
              11          -60.41           12.48
              12          -62.22           19.29
              13          -49.79           24.72
              14          -37.96           10.34
              15           -3.16           8.382
              16          -28.06            15.3
              17          -36.26           8.455
              18          -2.409           5.093
              19           5.391           11.52
              20          -39.03           5.107
              21          -10.79           4.634
              22           12.18           13.49
              23           18.83            21.4
              24          -37.64           22.81
              25          -11.87           10.72
              26           3.029           5.071
              27           1.735           13.88
              28           5.282           13.22
              29          -12.28            12.1
              30            -1.3           5.608
              31           20.39           8.129
              32          -18.41           6.072
              33          -8.185           4.699
              34          -5.095           3.885
              35           2.991           13.37
              36          -28.14           6.009
              37           2.572           9.288
              38          -4.923           18.81
              39           19.19              22
              40          -16.58           9.662
              41          -10.48           10.55
              42          -3.214           16.69
              43           20.85           16.58
              44           1.182           10.62
              45           2.439           23.85
              46          -4.516           6.186
              47           29.91           13.22
              48          -8.549           6.004
              49          -17.42            7.14
              50           22.35           5.705
              51           18.45           6.682
              52          -26.85           5.526
              53          -3.232            26.6
              54          -11.98           17.19
              55           3.229           15.09
              56          -19.23            24.6
              57          -15.16           6.112
              58          -1.647           5.454
              59           23.75           4.154
              60           3.323           6.498
              61          -1.288           13.39
              62           4.948           8.617
              63           12.52           6.382
              64          -24.21            16.3
              65          -10.88           8.406
              66        -0.08148           5.528
              67           2.976           5.618
              68          -15.27           6.332
              69          -17.83           26.91
              70           3.043           15.07
              71           13.91           20.17
              72          -10.89           25.32
              73           10.37           24.49
              74         -0.3221            15.7
              75          0.2056           18.17
              76          -17.35            13.8
              77          -11.67           19.73
              78           13.03           8.319
              79           32.62           9.765
              80          -4.688           5.228
              81          -2.437           10.55
              82            25.2           18.07
              83            32.2           18.07
              84          -11.14           8.032
              85           6.478           5.256
              86          -11.05           16.68
              87           25.07           22.77
              88         -0.2368            7.68
              89          -6.787           12.19
              90           13.03           5.687
              91           7.586           8.046
              92          -8.246           4.885
              93          -6.266           4.081
              94           14.08           23.37
              95           24.38           6.738
              96          -11.58           6.035
              97          0.1008             9.1
              98          -1.423            5.76
              99           22.73           16.38
             100          -26.85           23.68
             101           1.279           27.89
             102          0.2043           16.71
             103           16.24           10.26
             104          -16.95           22.87
             105            6.74           13.95
             106           5.001            12.8
             107           16.92           7.465
             108          -2.793           5.047
             109          -1.504           12.44
             110           13.02           11.21
             111           18.92           4.613
             112          -10.67           5.492
             113            10.3           6.053
             114              21           20.23
             115           12.94           10.67
             116          -20.23           24.61
             117          -12.92            6.72
             118           -7.06           15.95
             119           16.53           19.99
             120          -11.29           9.413
             121          -12.54           23.97
             122           13.32           4.732
             123           15.82           6.499
             124          -10.06           5.716
             125          -4.746           3.834
             126           11.46           9.401
             127          -2.942           10.17
APV                3              20               0               7
               0           264.8           50.62
               1             114           45.63
               2           89.12           45.27
               3           50.77           50.37
               4          -20.73           37.24
               5          -11.45           35.11
               6          -17.25           33.59
               7          -19.37            29.9
               8          -78.45           23.16
               9           -56.5           17.76
              10          -96.21           14.04
              11          -52.67           11.72
              12          -69.31           10.75
              13          -41.01           10.25
              14          -19.09            9.86
              15          -12.25           23.36
              16          -47.06           8.587
              17          -21.47           7.284
              18          -27.66           6.354
              19          -4.529           5.631
              20          -37.25           5.759
              21          -27.95           5.426
              22          -12.99           5.401
              23           19.52            15.9
              24          -32.79           5.685
              25          -2.257           5.079
              26           7.373           5.072
              27           15.49           5.198
              28          -8.483           5.129
              29           7.801           4.993
              30           19.94           5.254
              31           41.99           12.39
              32          -19.86           5.768
              33          -16.52           5.794
              34            4.56           5.401
              35           14.58           19.97
              36          -25.62           5.973
              37          -18.13           5.572
              38         -0.7423            5.08
              39           21.67           11.09
              40             -29           5.972
              41          -11.36           5.783
              42           1.295           5.279
              43           24.23           5.532
              44          -38.13            5.42
              45          -9.485            5.61
              46           22.11           5.767
              47           46.18           16.11
              48          -20.18            5.52
              49          -9.297           5.077
              50          -3.968           4.806
              51           25.09           5.729
              52          -29.13           5.076
              53          -9.559           4.901
              54           6.951            4.95
              55           31.78           5.288
              56          -7.444           5.081
              57           6.667           4.925
              58           22.66           5.388
              59           26.76           15.24
              60          -18.02           5.175
              61          -8.088           4.893
              62            23.7           4.914
              63           42.61           5.357
              64          -42.73           5.498
              65          -16.24           6.151
              66          0.2396           5.046
              67           19.48           14.17
              68           -14.2           5.763
              69          -3.281           5.868
              70          -1.185           5.284
              71           18.49           14.58
              72          -30.68           5.514
              73          -8.536           6.445
              74          -4.983           5.055
              75           11.04           5.759
              76          -17.99           5.269
              77           4.377           4.928
              78           25.18           5.476
              79            37.8           5.528
              80          -25.58           5.351
              81          -16.33           5.088
              82          -16.83           5.085
              83           6.685           5.066
              84          -35.46           5.595
              85          -11.79           5.064
              86          -4.744           4.773
              87           23.18           7.109
              88          -27.03            5.29
              89          -9.258           5.093
              90         -0.3064           5.128
              91           24.51           22.09
              92          -14.57           5.614
              93          -11.81           5.148
              94           19.79           6.675
              95           45.03           5.305
              96          -24.89           5.485
              97           5.888           5.369
              98           10.71           5.491
              99           24.27           5.409
             100          -19.23           5.519
             101         -0.2362           5.091
             102            6.61           5.374
             103           40.18           5.536
             104           -23.5           5.351
             105          -12.57           6.547
             106           5.464           5.899
             107            33.8           22.44
             108          -18.23           5.879
             109          -17.06           5.422
             110           23.45           5.493
             111           55.98           5.556
             112          -25.52           5.349
             113          -8.532           4.998
             114           9.153           5.328
             115           11.15           17.96
             116          -18.98           5.449
             117          -14.06           4.909
             118          0.1175           4.815
             119           28.62              13
             120          -22.92            5.26
             121        -0.02432           4.676
             122           24.83           5.209
             123           25.57           11.43
             124          -15.89           5.038
             125           -2.18           4.423
             126           12.85           6.504
             127           30.41           5.637
