APV                3              20               1               0
               0           240.9           45.38
               1           74.67           37.11
               2           48.47              38
               3           37.13           42.35
               4          -22.76           31.08
               5          -37.21           33.64
               6          -50.83           33.06
               7          -21.36           30.04
               8           -67.1           23.49
               9          -86.93           18.23
              10          -131.5            14.6
              11          -40.24           12.45
              12          -72.94           11.15
              13          -70.52           9.963
              14          -32.71           9.255
              15           11.34           8.572
              16          -8.642           8.176
              17          -55.06           7.407
              18          -35.68           6.934
              19           15.86           6.847
              20          -29.61           6.902
              21          -26.67            6.46
              22          -4.714           6.119
              23           25.74           6.483
              24          -23.43           6.757
              25          -11.52           6.452
              26           5.563           6.076
              27           65.11           6.687
              28          -18.35           6.212
              29          -13.37           6.278
              30          -2.802           5.848
              31           36.95           6.461
              32          -8.168            6.77
              33          -39.14            6.78
              34          -4.982           6.363
              35           12.21           6.696
              36          -38.65           6.831
              37          -23.27           6.601
              38           1.376           6.278
              39           41.25           6.733
              40          -14.65           7.022
              41          -3.206           6.532
              42            5.71           6.674
              43           33.47           6.936
              44          -43.28           6.691
              45          -6.366           6.836
              46           11.55           6.445
              47           63.46           7.075
              48          0.2875           6.211
              49           -21.5           6.365
              50           5.028           6.143
              51           29.99           6.352
              52          -7.445           6.256
              53          -17.44            6.27
              54          -9.848           6.269
              55           26.54           6.295
              56          -24.01            6.38
              57          -1.143           5.907
              58           2.374           5.924
              59            40.9            6.55
              60          -17.74           6.125
              61          -19.45           6.322
              62           15.98           6.054
              63           46.29           7.469
              64          -2.019           6.836
              65          -22.27           6.839
              66          -4.746           6.248
              67           17.74           6.477
              68          -5.031            6.51
              69          -6.059           6.648
              70          -7.008           6.503
              71            15.9             6.6
              72          -18.72           6.685
              73          -3.809           6.514
              74           10.91           6.619
              75           46.81           6.653
              76          -17.02           6.445
              77          -11.46           6.512
              78           20.79           6.486
              79           64.26            6.75
              80          -17.65            6.73
              81          -28.59           6.466
              82          -19.21           6.315
              83            38.9           6.412
              84          -18.33           6.885
              85          -11.85           6.368
              86          -7.442           6.153
              87           50.01           6.415
              88          -21.31           6.501
              89          -26.23           6.436
              90          -5.759           6.101
              91           66.05           6.642
              92          -24.59           6.392
              93          -25.63           6.217
              94           8.059           5.977
              95           37.78           6.664
              96           -34.5           6.614
              97          -3.287           6.363
              98          -5.969           6.507
              99           11.12           6.575
             100           -23.6           6.763
             101          -14.22           6.854
             102          -11.32           6.562
             103           48.17           6.631
             104          -14.26           6.769
             105          -17.59           7.338
             106           14.93           6.771
             107            50.9           6.897
             108          -28.07           6.445
             109           -3.03            6.48
             110           29.02           6.539
             111           78.04           6.897
             112           -15.6           6.746
             113           -23.7            6.17
             114          -1.543            5.85
             115           42.82           6.301
             116          -20.38           6.403
             117           8.907           5.909
             118          0.7736           5.668
             119           39.81           6.284
             120          -16.52           6.386
             121          -8.735           6.284
             122           6.496           5.967
             123           41.07            6.51
             124          -13.92           6.266
             125          -6.603           6.039
             126           11.32           6.051
             127           84.12           7.093
APV                3              20               1               1
               0           239.9           46.36
               1           64.39           37.68
               2           59.27           39.81
               3           33.98           44.52
               4          -27.48            33.1
               5          -30.67            35.7
               6          -26.39           34.94
               7          -28.61            31.6
               8          -53.12           24.25
               9          -62.23           19.26
              10          -66.72           15.19
              11          -40.18           12.96
              12          -74.17           11.69
              13          -69.93           10.49
              14          -4.684           9.739
              15           15.65           9.259
              16          -12.93            8.75
              17          -37.19           8.045
              18          -4.716           7.707
              19          -8.161           7.114
              20          -14.32           7.414
              21          -31.57             7.1
              22          -13.15            7.05
              23           22.04           6.975
              24           -16.3            7.38
              25          -23.64           7.256
              26           4.728           6.823
              27           19.14           7.192
              28          -9.442            7.04
              29           -23.6           7.116
              30           5.238           6.612
              31           28.03           7.136
              32           1.371           7.427
              33           -24.6           7.655
              34           3.487           7.117
              35           8.985           7.299
              36          -19.86           7.776
              37          -17.85            7.51
              38           19.58           7.249
              39           19.32             7.3
              40          -42.03           7.896
              41          -11.19           7.512
              42            27.1           7.761
              43            31.4           7.594
              44          -40.04           7.442
              45          -19.32           7.652
              46           28.76           7.293
              47           36.46           7.686
              48          -4.031           7.142
              49          -24.89           7.081
              50           6.326           6.972
              51           27.16           7.091
              52          -14.42           7.071
              53          -27.86           7.048
              54           11.32           7.063
              55           15.22           6.974
              56          -16.88           7.245
              57          -14.44           7.011
              58           18.45           7.094
              59           14.35           7.061
              60          -22.69           6.837
              61          -14.34           6.869
              62           25.14           6.727
              63           31.18           7.373
              64          -8.901           8.121
              65          -7.259           7.678
              66          0.1419            7.32
              67           17.44           7.188
              68          -10.31           7.494
              69             -11           7.549
              70          -8.306           7.401
              71           27.73           7.403
              72          -21.51           7.436
              73           1.274           7.853
              74           18.71           7.477
              75           25.91           7.457
              76          -29.57           7.194
              77          -7.844           7.073
              78            21.7           7.276
              79           40.39           7.443
              80          -4.811           7.349
              81           -24.2           7.303
              82           2.259            6.77
              83           6.977           6.982
              84          -4.573           7.255
              85          -26.29           7.162
              86           6.704           6.781
              87           18.91           6.906
              88          -32.53           7.308
              89             -38           7.266
              90           3.341           6.755
              91           32.36           7.244
              92          -9.019           6.878
              93          -15.02           6.986
              94           11.09            6.89
              95           46.48           7.276
              96          -4.911           7.268
              97          -18.95           7.712
              98           5.515           7.692
              99            11.5           7.488
             100          -6.769           7.314
             101          -26.34           7.505
             102            10.3           7.339
             103           22.76           7.207
             104           -11.2           7.401
             105          -20.81           8.082
             106           5.383           7.381
             107           43.06           7.519
             108           -24.9           7.366
             109          -23.93           7.512
             110           24.06           7.276
             111           72.94           7.598
             112          -18.06             7.3
             113          -15.29           7.048
             114           19.63           7.048
             115            21.2           6.971
             116           -6.09           7.014
             117          -4.387           6.573
             118            12.8           6.727
             119           4.127             6.7
             120          -21.95           7.143
             121          -24.09           7.029
             122           28.38           6.893
             123           42.16            7.17
             124          -14.03           6.872
             125          -2.491           6.669
             126           24.25           6.625
             127           54.41           7.665
APV                3              20               1               4
               0           181.4           49.19
               1           51.15           39.31
               2           32.77           38.03
               3          0.9279           33.35
               4          -35.18           28.77
               5          -26.15           18.08
               6          -60.41           14.89
               7          -65.38           10.77
               8          -62.97           9.669
               9          -5.396           8.717
              10          -22.46           7.888
              11          -25.29           7.333
              12          -29.27           7.302
              13          -14.46           7.323
              14           17.36           7.134
              15           28.72           7.284
              16           3.788           7.215
              17          -18.23           7.017
              18            11.9           7.312
              19          -14.19           7.046
              20          -13.55           7.508
              21          -7.197           6.765
              22          -19.36           6.869
              23          -9.844           6.493
              24          -16.81           7.275
              25          -14.21           7.029
              26           19.96           6.847
              27           16.35           7.117
              28          -10.75           6.824
              29           14.96           6.923
              30          -10.85           6.588
              31          -14.33           6.995
              32          -21.39           7.909
              33          -11.85           7.564
              34          -5.757           7.078
              35          -20.32           7.421
              36          -24.32            7.71
              37          -5.685            7.15
              38          0.5922           6.949
              39          -4.191           6.828
              40          -6.935           7.723
              41          -0.551           7.225
              42           14.75           7.632
              43           12.32           7.428
              44          -4.559           6.972
              45           11.97           7.665
              46            2.92           6.852
              47           25.69           7.838
              48          -11.55           7.103
              49         -0.4979           6.684
              50           2.031           6.866
              51           14.67            6.74
              52          -14.86           7.042
              53           10.03           6.536
              54           1.936            6.53
              55           2.283           6.403
              56          -21.92           7.187
              57          0.1261           6.577
              58           9.124           6.684
              59           5.981           6.993
              60           11.31           6.511
              61           8.771           6.667
              62           1.333           6.071
              63           23.99           9.123
              64          0.8845           7.432
              65           10.99           7.645
              66            22.5           7.791
              67          -20.75           6.965
              68          -19.64           7.794
              69          -11.81           7.427
              70            10.4           7.518
              71           9.594           7.235
              72          -20.24           7.222
              73           38.35           7.482
              74         0.02202           7.049
              75           12.64           7.265
              76           6.186           7.036
              77           3.972           6.895
              78           4.075           6.841
              79           20.58           7.672
              80           -2.07           7.282
              81           -6.05           6.917
              82         -0.3714           6.658
              83           8.156           6.874
              84          -17.47           7.767
              85          -14.58           7.054
              86          -1.547           6.481
              87           2.245            6.51
              88          -20.17           7.275
              89           4.055           6.724
              90          -13.02           6.781
              91          -2.096           6.861
              92           7.609           6.753
              93           7.802           6.936
              94           3.555           6.411
              95           21.52           7.513
              96          -10.47           7.554
              97           5.388           7.234
              98           4.679           7.721
              99           21.01           7.438
             100          -6.702           7.387
             101           2.749            7.09
             102           1.173            7.17
             103            13.3           7.196
             104           -22.2           7.348
             105           3.041           7.609
             106          -7.415           7.294
             107           4.391           7.319
             108          -17.86           7.124
             109           16.74           7.638
             110          0.3109           6.785
             111           31.29           7.953
             112          -22.99           7.537
             113        -0.07427           6.622
             114          -1.586           6.711
             115           11.54           6.733
             116          -21.44           7.267
             117           1.887           6.493
             118           2.392            6.43
             119            10.5           6.817
             120          -3.589           6.739
             121            8.13           6.804
             122           14.65           6.709
             123           14.97           7.321
             124          -9.265           6.552
             125          -12.17           6.866
             126             -14           6.506
             127           49.33           8.204
APV                3              20               1               5
               0           105.6           50.29
               1           7.838           40.62
               2           15.56           40.45
               3           19.22           35.67
               4          -73.59            34.9
               5          -78.86           18.67
               6          -91.81           15.56
               7          -36.41           11.12
               8           -77.2           9.664
               9          -62.03           13.64
              10           -1.79           7.492
              11           27.95           7.568
              12          -60.79           7.163
              13          -40.29            6.96
              14           26.32           7.101
              15           84.59            16.2
              16           -34.8           7.333
              17          -37.68           20.58
              18          -16.32           7.067
              19           21.75           7.103
              20          -33.79           7.425
              21          -33.23           6.924
              22           11.83           6.739
              23           40.52           6.981
              24           -34.5           11.05
              25          -22.49           7.153
              26           24.03           12.77
              27           56.52           20.64
              28          -40.23           6.854
              29          -51.28           6.987
              30           22.46           22.13
              31           56.93           7.594
              32          -33.36           21.14
              33          -44.35           7.546
              34          0.3417           6.925
              35           27.18            7.42
              36          -25.07            8.63
              37          -30.95           7.366
              38           -5.07           6.903
              39           58.52           7.478
              40          -38.21           8.155
              41          -20.78           7.614
              42           17.73           7.481
              43            58.4           7.772
              44          -54.66           6.996
              45          -18.17           7.403
              46           39.72           7.103
              47           61.95           8.001
              48          -51.33            7.05
              49          -22.54           22.97
              50           8.416           6.903
              51           51.89           7.148
              52          -44.18           6.882
              53          -56.96           6.724
              54           1.337           6.457
              55           54.41           6.997
              56          -46.93           6.917
              57          -35.35           7.063
              58           38.69           6.887
              59           44.45           7.251
              60          -18.26           6.617
              61          -33.43           6.724
              62           15.44           6.419
              63            75.5           9.238
              64          -46.87           18.79
              65          -36.95           7.763
              66           1.998           6.764
              67            47.3           7.197
              68          -35.29            17.7
              69          -19.72           7.978
              70            9.65           7.095
              71           27.78           7.409
              72          -41.38           7.106
              73          -27.71           7.836
              74            27.8           7.312
              75           64.18            7.57
              76          -22.78           7.105
              77          -16.18           16.04
              78           20.62           7.235
              79           95.56           7.982
              80          -36.28           20.41
              81          -49.69           7.028
              82           2.641           6.553
              83           33.94           7.073
              84          -35.29           7.393
              85          -39.48           7.172
              86           15.91            12.5
              87           47.18           7.024
              88          -30.34           7.201
              89          -35.59           7.131
              90           33.96           7.024
              91           68.33           7.386
              92          -14.86           6.728
              93          -8.356           6.797
              94           47.21           6.798
              95           95.44           12.23
              96          -33.85           21.33
              97          -42.11           7.544
              98          -10.18           7.378
              99           51.32           7.521
             100             -23           14.74
             101          -31.81           12.72
             102           1.777           6.971
             103           55.97           7.499
             104          -39.28           6.976
             105           -23.6           8.206
             106           21.18           7.467
             107           56.31           19.86
             108          -34.31           7.144
             109           -21.7           14.17
             110           49.46           7.174
             111           87.64           8.487
             112           -37.8           18.84
             113          -39.07           7.096
             114           9.672           6.626
             115           63.83           7.188
             116          -58.42           6.834
             117          -17.32           6.966
             118              14           14.13
             119           31.78           23.92
             120          -41.58           7.242
             121          -15.87           6.898
             122            36.5           21.78
             123           87.43           7.536
             124          -18.15           6.585
             125          -25.12           6.545
             126           31.81           6.565
             127           109.8           8.994
APV                3              20               0               2
               0           226.6            46.9
               1           65.61           38.38
               2           49.93           40.74
               3           27.93           45.42
               4           -25.9           33.78
               5          -31.65           36.29
               6          -33.59           36.36
               7          -36.15           31.88
               8          -83.74           23.65
               9           -70.2            18.3
              10          -89.79           14.12
              11          -48.19           11.83
              12          -83.54           10.52
              13          -50.49           9.234
              14           -10.7           8.024
              15           16.51           7.438
              16          -31.28           6.891
              17          -44.88           5.939
              18          -10.84           5.441
              19         -0.5968           4.556
              20          -31.02           5.067
              21          -18.56           4.801
              22           9.775           4.628
              23           21.75           4.602
              24          -24.72           4.905
              25          -21.49           4.822
              26         -0.1746           4.241
              27           19.45           4.702
              28          -22.69           4.646
              29          -1.497           4.151
              30           38.96           4.512
              31           60.63           4.822
              32          -6.672            5.05
              33          -28.11           5.021
              34          -5.665           4.748
              35           10.35           4.739
              36          -31.05            5.05
              37          -17.45            4.84
              38           6.193           4.572
              39           20.05           4.854
              40          -27.74           5.309
              41          -21.67           5.107
              42              16           5.063
              43           25.64           4.982
              44          -12.65           4.814
              45           6.387           5.085
              46           42.28           4.934
              47           60.04           5.039
              48          -7.108           4.702
              49          -12.85           4.627
              50           10.72           4.716
              51            12.5           4.458
              52          -30.85           4.704
              53          -23.09           4.554
              54           1.642           4.178
              55           22.36            4.56
              56          -23.91           4.859
              57          -18.32           4.611
              58           10.29           4.558
              59           26.46           4.612
              60          -32.21           4.416
              61          -13.97           4.509
              62           40.56           4.392
              63           67.24            4.89
              64          -8.963           5.043
              65          -17.37           5.208
              66           -6.61           4.746
              67           9.483           4.613
              68           -24.5           5.102
              69          -12.86           5.337
              70           4.329           4.658
              71           22.02           4.866
              72          -32.74           4.774
              73           -10.7           4.993
              74           2.753           4.455
              75           22.34           4.746
              76          -28.19           4.667
              77          -6.371            4.67
              78            28.7           4.747
              79           54.33           5.019
              80          -26.17           5.062
              81          -26.65           4.618
              82          -10.59            4.53
              83           10.26           4.667
              84           -14.1           5.056
              85          -7.002           4.562
              86           18.68           4.581
              87           29.61             4.6
              88          -37.01           4.845
              89           -17.3            4.77
              90           21.02           4.549
              91           46.15           4.635
              92           -26.6           4.552
              93          -17.19           4.774
              94           42.82           4.587
              95           75.48           4.894
              96          -14.82           5.002
              97          -9.549           4.933
              98           1.815           4.806
              99           5.374           4.729
             100          -26.31           5.052
             101          -8.771           4.889
             102           5.529           4.611
             103           21.03           4.783
             104          -31.74           4.908
             105          -10.87           5.705
             106           27.76           4.986
             107           45.92           4.893
             108          -18.29           4.735
             109          -1.788           4.576
             110              43            4.83
             111           84.19           5.075
             112           5.321           4.666
             113           -8.56           4.516
             114          -6.425           4.426
             115           5.497           4.366
             116          -32.17           4.651
             117          -25.58           4.469
             118           9.621           4.388
             119           20.47           4.502
             120          -29.45           4.688
             121          -3.573           4.378
             122           30.37           4.387
             123           40.26           4.522
             124          -22.93           4.481
             125          -12.61           4.552
             126           49.87           4.486
             127          -12.77            4.92
APV                3              20               0               3
               0           158.2           45.83
               1           44.83           36.47
               2           61.77           38.09
               3           36.41           42.27
               4          -60.88           33.99
               5          -38.48           33.16
               6          -9.726           34.15
               7          -21.99           30.76
               8          -88.89           24.63
               9          -59.86           20.19
              10          -59.23           13.16
              11          -36.04           11.02
              12          -70.62            9.62
              13          -48.21           9.496
              14           1.615           13.56
              15           7.619           11.57
              16          -67.66           14.62
              17          -47.45           5.734
              18           4.582           6.686
              19           17.05           13.93
              20          -60.17           11.53
              21          -31.31           7.651
              22          -1.212            15.2
              23           8.711           11.36
              24          -41.77           7.025
              25          -18.83           14.68
              26           17.71           14.76
              27           19.49           8.708
              28          -32.17           4.454
              29           5.424           3.628
              30           41.45           4.416
              31           20.54           6.435
              32          -54.95           11.97
              33          -33.55           8.654
              34         -0.3744           4.399
              35            14.7           7.459
              36          -42.95           8.477
              37          -14.17           11.38
              38            4.41           11.19
              39           23.73           6.181
              40          -23.22           10.04
              41          -5.687           6.982
              42           29.01           13.47
              43            26.6           8.649
              44          -22.74           5.765
              45           12.79           11.17
              46           55.74           4.968
              47           42.53             5.2
              48          -42.43           6.489
              49          -23.72           12.62
              50           23.72           12.52
              51           27.43            11.8
              52          -33.14           6.447
              53          -20.22           11.28
              54           22.84           7.643
              55           26.08           14.08
              56          -35.74           9.399
              57          -8.293           11.22
              58           42.26           7.153
              59           36.41           13.03
              60          -27.05            7.75
              61           4.479           6.673
              62           62.09           13.84
              63           36.88           5.539
              64          -43.45           7.825
              65          -21.89           5.103
              66           16.19           6.808
              67           27.86           14.19
              68          -57.89           9.648
              69          -26.97           5.202
              70           17.41           5.749
              71           31.05           9.024
              72          -40.85           4.802
              73           -3.81           7.189
              74           32.89           13.79
              75           30.59           8.559
              76          -28.17           10.73
              77          -3.919           9.817
              78           51.83           12.83
              79           38.99           4.199
              80          -51.36           4.758
              81          -34.04            7.51
              82           5.778           15.27
              83           16.97           13.06
              84          -46.46           13.59
              85          -15.97           11.61
              86           17.89           11.32
              87           12.67           14.45
              88          -38.55           13.31
              89           -3.17           7.912
              90           42.95           11.72
              91           27.43           7.263
              92          -21.72           14.73
              93           9.687           4.309
              94           64.38           4.388
              95           47.75           4.767
              96          -50.83           6.425
              97          -29.38           12.02
              98           13.57           11.65
              99           28.85           4.946
             100          -31.82           6.677
             101          -18.68           12.07
             102           11.98           8.763
             103           20.36           12.61
             104          -30.39           13.98
             105           7.675           9.369
             106           37.36           12.88
             107           27.66           14.49
             108          -13.95           13.66
             109           13.15           7.418
             110           53.18           12.81
             111           48.11           5.823
             112           -45.4           11.39
             113          -28.27           13.23
             114           24.77           13.56
             115           30.12           6.759
             116          -34.59           11.92
             117          -10.38           6.898
             118           29.31           13.78
             119           29.57           13.62
             120          -16.96           11.75
             121           3.384           5.925
             122           36.14           11.32
             123           44.64           7.037
             124           -23.9           12.77
             125           2.641           4.846
             126           68.77           9.063
             127          -7.597           4.563
APV                3              20               0               4
               0           255.8           51.13
               1           112.7           38.09
               2           78.24           35.83
               3            57.9            38.5
               4           3.947           28.38
               5          -22.61           29.91
               6          -49.73           30.17
               7          -39.97           26.67
               8          -63.78           20.61
               9          -82.93           16.45
              10          -91.33           13.45
              11          -49.48           11.74
              12          -50.67           10.58
              13          -44.23           9.344
              14          -21.71           8.153
              15           15.35           8.439
              16          -25.53           7.345
              17          -39.12           6.654
              18          -31.28           6.156
              19          -8.021           5.586
              20          -27.95            5.86
              21          -33.33           5.334
              22          -6.444           5.238
              23            11.4           5.278
              24          -20.59           5.852
              25           -23.6           5.711
              26          -3.011           4.909
              27           34.88           5.618
              28          -22.56           5.431
              29          -16.89           5.479
              30           13.35           5.024
              31           27.32           5.688
              32          -21.73           6.079
              33          -29.67           5.953
              34          -5.637           5.522
              35          -7.948           5.406
              36          -34.12            5.77
              37          -19.87           5.517
              38          -3.105           5.386
              39           11.98           5.718
              40          -13.17           6.096
              41          -1.734           5.596
              42           -3.25           5.313
              43           20.13           5.905
              44          -18.32           5.611
              45          -10.54           6.202
              46           14.75           5.453
              47           47.84           6.348
              48          -4.256           5.433
              49          -3.392           5.041
              50             9.1           5.138
              51           12.84           5.028
              52          -22.66           5.179
              53          -12.63           5.102
              54          -4.702           4.891
              55           19.58           5.163
              56          -19.13           5.501
              57           5.586           5.072
              58           8.136           4.955
              59           27.83           5.318
              60          -8.603           4.837
              61          -21.24           5.217
              62             5.3           4.457
              63           49.57           5.915
              64          0.3722           5.647
              65          -9.781           5.876
              66           3.729           5.322
              67           7.328           5.074
              68          -6.608           5.489
              69           1.931           5.515
              70           -2.53           5.257
              71           13.55           5.359
              72          -10.23            5.23
              73          -1.862           5.391
              74           5.986           5.159
              75           39.39           5.707
              76         0.06927           7.132
              77          -12.19           5.213
              78           11.92           5.187
              79           49.05            6.03
              80          -12.75           5.774
              81          -6.309           5.168
              82             6.6           5.167
              83           24.83           5.351
              84          -2.126           6.872
              85          -2.713            5.04
              86           15.07           5.315
              87           28.24           5.244
              88          -15.35           5.496
              89          -13.87           5.475
              90           6.395           4.943
              91           29.92           5.572
              92          -19.12           5.963
              93          -19.72           5.546
              94           4.399           4.884
              95           48.61           5.976
              96          -30.66           7.247
              97           2.645            5.32
              98           10.38           5.851
              99           23.09           5.592
             100          -25.96           5.731
             101          -14.46           5.666
             102          -10.96           5.685
             103           10.65           5.526
             104          -19.94           5.593
             105          -22.41           6.824
             106           3.094           5.204
             107           42.45            5.89
             108          -15.39            5.41
             109          -4.316           5.592
             110           20.15           5.348
             111              62           6.311
             112          -23.08           5.533
             113           15.16           5.032
             114           11.83            4.99
             115           20.54           4.998
             116          -18.37           5.252
             117           -19.2           4.942
             118          -11.12            4.84
             119            2.46           4.748
             120           -9.49           5.012
             121          -16.89           5.271
             122            3.35           4.485
             123           13.98           5.371
             124          -1.847           4.531
             125          -1.912           4.866
             126           17.26           4.689
             127           28.52           6.205
APV                3              20               0               5
               0           246.9           52.92
               1           87.84           39.84
               2           111.2           40.93
               3           75.08           44.32
               4          -53.73           33.02
               5          -54.43           35.13
               6          -8.625           34.81
               7          -1.055            30.3
               8          -108.9            22.5
               9          -92.42           17.91
              10          -79.44           14.29
              11          -23.62            12.3
              12          -92.31           10.83
              13          -52.71           9.562
              14          -14.22           8.377
              15           17.69           7.829
              16           -60.2           7.046
              17          -54.16           6.206
              18          -14.87           5.858
              19            16.2           5.159
              20          -64.17           5.265
              21          -34.92           5.021
              22           10.79           4.842
              23           25.26           4.809
              24          -52.47            5.03
              25          -40.39           5.132
              26           30.78           4.676
              27           43.94           4.972
              28          -31.82           4.653
              29          -13.05           4.936
              30           31.98            4.54
              31           51.92           5.141
              32          -36.94           5.496
              33          -51.65           5.104
              34         -0.5169           4.827
              35           23.09           5.153
              36           -46.1           5.317
              37          -34.78           5.062
              38           23.53           5.213
              39            34.3           5.109
              40          -64.55           5.662
              41          -29.71           5.188
              42            20.1           5.334
              43           41.42           5.237
              44          -32.16           5.099
              45          -9.613           5.394
              46           41.95           5.065
              47           55.09           5.719
              48          -32.26             4.9
              49          -27.89            4.85
              50           2.096           4.583
              51           25.98           4.723
              52          -45.22           4.808
              53          -28.41           4.761
              54           18.45           4.682
              55           38.27           4.788
              56          -38.33           4.909
              57          -6.174             4.8
              58           37.07           4.668
              59           52.02           5.015
              60          -20.12            4.58
              61         -0.2565           4.444
              62           40.52           4.433
              63            47.4           5.369
              64          -49.76           5.784
              65          -35.73           5.506
              66           10.92           5.231
              67           22.85           4.883
              68          -40.57           5.566
              69          -34.66           5.401
              70           12.76           5.299
              71              34           5.081
              72          -31.73           5.011
              73           -19.5            5.41
              74           27.18           5.065
              75           53.07           5.151
              76          -30.06           4.797
              77           7.274           4.805
              78           43.47            4.91
              79           41.09           5.666
              80          -47.42           5.258
              81          -31.69           4.763
              82           6.319           4.705
              83           31.72           4.833
              84          -42.95           5.376
              85           -29.1           4.883
              86           18.32            4.74
              87           41.84           4.715
              88          -36.75           4.936
              89          -26.83           5.178
              90           45.99           4.676
              91           52.15           4.929
              92          -25.24           4.673
              93           -11.9           5.013
              94           34.76            4.61
              95           56.75           5.517
              96          -31.82           5.112
              97          -31.27           5.029
              98           15.95           5.477
              99            32.6           5.041
             100           -42.5           5.285
             101          -26.06            5.13
             102           11.19            5.04
             103           27.41           5.003
             104          -34.78           5.023
             105          -15.22           6.356
             106            22.1           5.102
             107           43.84           5.449
             108          -27.11           4.859
             109           10.92           5.173
             110            52.2           5.033
             111            68.5           5.812
             112           -39.5           5.077
             113          -22.97           4.715
             114           15.29           4.787
             115           44.59           4.775
             116          -43.62           4.803
             117          -39.52           4.764
             118           19.12           4.625
             119           37.75           4.834
             120           -26.8           4.798
             121          -14.83           4.887
             122           39.68           4.562
             123           48.76           4.956
             124          -21.11           4.536
             125          -1.777           4.334
             126           61.29           4.566
             127           23.47           6.005
