APV                3              20               3               0
               0             334           49.78
               1           69.81           40.64
               2           86.39           44.72
               3           72.64           48.65
               4          -51.67           35.52
               5          -58.89           37.65
               6           -16.3           35.55
               7           3.771           31.07
               8          -103.6           22.16
               9          -105.6            17.8
              10          -98.14           13.56
              11          -23.59           11.76
              12          -106.6           10.46
              13          -66.84           9.844
              14           6.314           8.875
              15           35.23           8.729
              16          -51.99           7.924
              17          -64.89           7.268
              18           0.972           6.557
              19           30.43           6.758
              20          -43.41            6.65
              21          -38.48           6.375
              22          -7.547           6.357
              23           33.43           6.424
              24          -55.81             6.4
              25          -41.51           6.494
              26           23.36           6.467
              27           60.43           6.545
              28          -56.49            6.29
              29          -23.83           6.256
              30           34.86           6.449
              31           72.66           6.531
              32          -29.12           6.598
              33          -42.11           6.921
              34         -0.4987           6.298
              35           45.57           6.838
              36          -34.57           6.661
              37          -33.57           6.831
              38         -0.2517           6.232
              39           43.59           6.953
              40          -41.46           6.712
              41          -29.02            6.96
              42           25.15           6.845
              43           45.19           6.956
              44          -47.47           6.583
              45          -3.341           6.856
              46           43.35           6.734
              47           68.64           7.134
              48          -34.89           6.366
              49          -52.07           6.157
              50          0.1105           6.058
              51           51.93           6.437
              52          -33.76           6.224
              53          -38.72           6.192
              54           12.01           6.219
              55           51.64           6.289
              56          -47.01           6.342
              57          -33.01           6.326
              58            31.8           6.535
              59           49.75           6.734
              60          -48.49           6.055
              61          -12.56           6.239
              62           28.32           6.171
              63           67.81           7.487
              64          -31.63           6.327
              65          -50.44           7.022
              66          -1.548            6.08
              67           39.11           6.603
              68          -36.72           6.387
              69          -51.91           7.018
              70           13.54           6.663
              71           43.18           6.709
              72          -57.73           6.374
              73          -34.95           7.513
              74           43.62           6.675
              75           56.65           6.795
              76          -50.69           6.307
              77          -9.783           6.374
              78           47.87           6.778
              79           85.75           6.964
              80          -28.45           6.539
              81          -48.41           6.401
              82          -5.236           5.866
              83           45.39           6.482
              84          -36.06           6.489
              85          -39.12           6.297
              86           1.011           5.956
              87           46.85           6.492
              88          -49.67             6.4
              89           -28.6           6.385
              90           32.15           6.481
              91           49.11           4.474
              92          -44.19           6.173
              93          -22.83           6.347
              94           37.38             6.4
              95           70.89           6.776
              96          -35.08           6.383
              97          -50.81           6.775
              98           18.03           6.777
              99           50.89           7.063
             100          -47.75           6.519
             101          -31.53           6.704
             102           25.73           6.671
             103           53.07           6.854
             104          -43.35           6.534
             105          -30.97           7.917
             106           46.08           6.824
             107           53.78           6.962
             108           -47.4           6.403
             109          -8.401           6.614
             110            45.4           6.604
             111           98.29           7.183
             112          -22.67           4.212
             113          -44.61           6.071
             114          -1.125           5.891
             115           51.82           6.513
             116          -51.51           6.148
             117          -32.06           6.072
             118           23.56           6.064
             119           58.15           6.445
             120          -62.71           6.109
             121          -25.49           6.257
             122           35.42           6.233
             123           60.69           6.591
             124          -39.27           5.929
             125           -5.16           5.998
             126           39.95           6.226
             127           88.35           7.198
APV                3              20               3               1
               0           282.4           52.49
               1            74.6           42.61
               2           85.49           44.37
               3           64.74           49.54
               4          -45.25           35.26
               5          -49.15           36.77
               6          -21.48            35.2
               7         -0.5353           32.45
               8          -103.4           26.27
               9          -66.93           20.79
              10             -62           24.71
              11          -26.35           20.94
              12          -93.92           25.76
              13          -60.51           16.07
              14           6.313           26.91
              15           21.69           10.24
              16          -40.45           9.956
              17           -64.6           7.687
              18          -32.11           17.14
              19           20.64           7.404
              20          -63.16           16.87
              21          -38.89           12.07
              22          -6.669           15.65
              23            45.6           4.541
              24          -53.93           6.865
              25          -19.62            6.87
              26           7.017           19.42
              27           45.25           10.31
              28          -33.92           25.56
              29          -30.44           7.467
              30           16.59           12.97
              31           39.42           5.092
              32          -41.73           11.77
              33          -54.36           4.824
              34          -2.793           3.181
              35            41.5           16.88
              36          -41.65           16.38
              37          -31.54           7.408
              38           21.95           6.681
              39           46.78           7.115
              40          -45.83           4.579
              41          -23.42           7.097
              42           21.74           7.096
              43           34.76           7.338
              44          -43.55           27.19
              45           -12.7           8.297
              46           38.79           25.85
              47           55.49           8.977
              48          -26.02           6.972
              49          -49.66           13.18
              50         -0.4963            6.31
              51           39.83           3.814
              52          -48.76           6.618
              53          -34.78           8.184
              54           4.021              14
              55           46.02           16.63
              56           -25.7           5.336
              57          -28.42           14.98
              58           16.75           9.007
              59           46.23           6.997
              60          -42.68           10.59
              61          0.1608           3.262
              62           36.67           6.352
              63           47.63           4.992
              64          -34.41           7.518
              65          -29.38           4.774
              66           14.81           16.52
              67           65.46           15.02
              68             -40           13.52
              69          -30.74           8.306
              70           12.16           12.23
              71           37.56           7.152
              72           -39.6           6.712
              73           -13.3           7.134
              74           24.24           20.06
              75           44.46           12.94
              76          -39.66            4.13
              77           7.908           6.678
              78           28.59           14.36
              79           53.45           7.463
              80          -40.02           7.016
              81          -41.62           12.06
              82          -3.033           9.725
              83           31.91           8.401
              84           -49.5           20.14
              85          -23.57           6.862
              86           16.07           13.61
              87           59.28           18.17
              88          -26.91           8.422
              89          -28.35           6.579
              90           18.22           10.53
              91           41.16           6.919
              92          -23.21           3.902
              93           3.797           3.305
              94           46.14           7.927
              95           61.02            6.42
              96          -51.51            6.68
              97          -48.58           5.787
              98          -4.342           10.88
              99           40.05           7.116
             100          -49.44            19.3
             101          -33.06           10.87
             102           18.39           6.964
             103           53.48           6.885
             104           -23.5           9.485
             105          -17.32           8.185
             106           27.31           6.583
             107           58.06           7.007
             108          -29.88           6.923
             109          -10.82           3.376
             110           41.71            6.55
             111           69.64           3.973
             112          -43.92           13.54
             113          -25.16           6.841
             114           10.61           17.79
             115           45.67           4.512
             116          -43.05           4.282
             117          -22.09           6.378
             118           36.38           21.43
             119           53.48           16.93
             120          -27.57           12.46
             121           -16.7           6.649
             122           36.37           12.71
             123           43.34           4.182
             124          -26.61           4.109
             125          -14.38           6.287
             126           22.55           13.26
             127           92.19           9.573
APV                3              20               3               6
               0           284.7           48.52
               1           69.83           39.98
               2            66.7           39.85
               3           59.52           43.01
               4          -57.84           31.44
               5          -30.33           31.89
               6          -13.06           30.51
               7           9.101           26.65
               8          -78.05           19.76
               9          -91.17           15.76
              10          -72.52           12.41
              11          -7.207            10.3
              12          -75.99           9.698
              13          -69.24           8.881
              14          -3.353           8.022
              15            21.4           7.677
              16          -41.91           7.392
              17          -51.38           6.624
              18          -23.08            6.27
              19           10.76            5.94
              20          -64.94           6.061
              21          -48.26           5.657
              22          -6.806           5.569
              23           54.15           5.725
              24          -42.04            5.93
              25          -43.71           5.712
              26           10.09            5.55
              27           59.91            5.91
              28           -31.7           5.706
              29          -5.727           5.542
              30           24.06            5.76
              31           60.62           5.792
              32          -9.918           6.101
              33          -47.11           6.372
              34          -10.39           5.922
              35           39.15           5.965
              36          -50.55            5.99
              37          -45.67           6.018
              38           3.716           5.827
              39           31.16           6.074
              40          -39.72           6.131
              41          -26.51           6.304
              42           19.68           6.309
              43            42.9           6.077
              44          -23.74           6.161
              45          -3.846            6.28
              46           19.91           6.102
              47           67.75           6.371
              48          -32.43           5.673
              49          -25.94           5.365
              50           -5.89           5.326
              51           40.23           5.471
              52          -46.27           5.336
              53          -45.96           5.155
              54           -3.07           5.126
              55           57.22           5.438
              56          -37.86           5.485
              57          -29.85           5.343
              58           12.64           5.492
              59           49.75           5.716
              60          -31.19           5.302
              61           -15.2           5.265
              62           34.02           5.127
              63           62.48           5.746
              64          -35.56           5.557
              65          -40.65           6.528
              66           10.73           5.526
              67           35.81           5.675
              68          -41.99           5.813
              69          -34.29           6.336
              70          -1.725           5.407
              71            38.6           6.019
              72          -42.42           5.506
              73          -21.36            6.05
              74           13.35            5.61
              75           39.36           5.831
              76          -33.38           5.478
              77          -34.16           5.648
              78           15.45           5.732
              79           63.81           5.789
              80          -28.63           5.736
              81          -40.21           5.637
              82           12.71             5.4
              83           30.51           5.852
              84          -39.28           6.087
              85          -32.76           5.739
              86           12.37           5.678
              87           55.36           5.849
              88          -24.09           5.717
              89          -33.79           5.542
              90           0.827           5.093
              91           47.33           5.888
              92          -22.89           5.578
              93          -14.57           5.661
              94           25.92           5.579
              95           69.49           5.813
              96          -28.72            5.93
              97          -34.73           5.963
              98           10.59           5.969
              99           49.49           6.287
             100          -35.64           6.096
             101          -14.51           6.182
             102           14.19           6.039
             103           43.23            6.21
             104          -25.95            5.83
             105          -22.41           7.119
             106           27.72           6.078
             107           59.02           6.272
             108          -14.11           5.825
             109           2.783           5.817
             110           38.13           5.966
             111           88.32           6.016
             112          -34.28           5.574
             113          -36.71           5.304
             114          0.2304           4.845
             115           43.63           5.525
             116          -34.01           5.453
             117          -26.34           5.246
             118           4.821           5.063
             119           46.72           5.643
             120          -29.29           5.438
             121          -24.23           5.302
             122           16.32           5.094
             123           63.06            5.76
             124          -32.76           5.094
             125          -23.61           5.047
             126           40.65           5.282
             127           103.3           5.693
APV                3              20               3               7
               0           290.2           49.26
               1              90           44.07
               2           97.63           43.65
               3           62.79           47.05
               4          -45.78           38.39
               5          -35.13           35.93
               6          -9.785            34.2
               7          -9.302            30.1
               8          -92.83            22.1
               9          -70.52           16.92
              10          -77.01           12.85
              11          -29.41           10.98
              12          -82.59           14.59
              13          -65.37           19.12
              14          -2.821           7.678
              15           13.75           7.779
              16           -47.3           7.171
              17          -43.66           6.226
              18         -0.3341            5.22
              19           12.11           11.87
              20          -50.55           5.924
              21          -18.55           5.375
              22           9.986           5.214
              23           36.01           5.371
              24          -54.53           5.635
              25          -36.32           5.311
              26           20.05             5.1
              27           34.35           5.595
              28           -45.8           5.386
              29          -17.73           5.158
              30           32.26           20.21
              31           50.84           5.988
              32          -34.14           5.738
              33          -55.06           5.867
              34          -2.554           5.142
              35           49.87           8.569
              36          -34.01           5.888
              37           -23.8           19.42
              38           23.33           6.129
              39            41.4           5.892
              40           -48.8           5.828
              41          -21.36           6.091
              42           19.78           5.853
              43           27.48           5.669
              44          -34.54           14.06
              45          -14.57           6.189
              46           27.64           17.94
              47           33.88           6.448
              48          -48.62           5.592
              49          -43.28           5.225
              50           8.078           5.127
              51           42.35           5.457
              52          -34.99           5.301
              53          -27.34           5.029
              54           16.99           10.94
              55            22.4           5.456
              56          -37.21           5.419
              57          -13.62           13.02
              58           35.51           6.201
              59           27.23           5.539
              60          -37.25           5.015
              61          -26.47           5.007
              62           40.27           4.956
              63           44.31           5.646
              64          -43.55           5.447
              65          -29.18           6.443
              66          -1.951           5.062
              67           47.05           5.524
              68          -38.47           16.49
              69          -23.56              18
              70           10.62           6.026
              71           28.15           5.916
              72          -30.72           10.94
              73           -22.3           6.387
              74           26.61           5.803
              75           24.37           5.692
              76          -44.77           10.49
              77          -26.23            5.46
              78           45.43           5.624
              79           59.91           5.941
              80          -52.99           5.439
              81          -33.83           5.291
              82            14.2           5.052
              83           40.49           5.485
              84          -36.33           5.551
              85          -19.77           5.178
              86           16.99           5.056
              87           32.23           5.303
              88           -34.9           6.891
              89          -30.44           15.51
              90           29.99           8.542
              91           40.48           5.541
              92          -28.28           5.128
              93          -5.746           4.924
              94           40.29            5.21
              95           62.74           5.632
              96          -54.71           5.497
              97          -39.42            5.65
              98           20.75           5.617
              99           39.07           5.756
             100          -37.74           5.655
             101          -7.639           18.04
             102           21.59           5.968
             103           49.98           5.813
             104          -31.95           5.474
             105          -13.82           13.29
             106           37.24           5.922
             107           39.57           5.886
             108          -29.73           18.79
             109          -9.036           5.969
             110           36.73           5.602
             111           65.56           5.838
             112          -32.78           5.418
             113          -30.33           5.182
             114            2.34           7.005
             115           37.65           5.335
             116          -37.02           5.309
             117          -19.36           19.24
             118            21.6           5.606
             119           48.89           5.433
             120          -16.14           7.022
             121          -13.29           20.76
             122           21.33           13.53
             123           23.68           5.774
             124          -38.12           5.082
             125          -20.59           4.947
             126           36.66           4.945
             127           77.64           10.81
APV                3              20               2               0
               0           264.4           46.54
               1           83.69           38.53
               2           64.73           42.59
               3           48.93            44.5
               4          -12.11           33.63
               5          -21.85           35.25
               6          -32.61           33.43
               7          -2.218           28.49
               8          -55.47           19.84
               9           -77.7           16.34
              10          -122.4           12.47
              11          -25.23           11.06
              12          -63.76           9.924
              13          -66.02           9.489
              14          -29.98           8.985
              15           13.84           8.254
              16          -6.046            7.64
              17          -53.81           7.211
              18          -36.12           6.678
              19           16.15           6.837
              20          -30.79           6.895
              21          -27.48           6.563
              22          -6.823           6.157
              23           24.78           6.526
              24          -25.27           6.787
              25           -13.7           6.558
              26             1.7           6.195
              27           64.55           6.648
              28          -19.08           6.358
              29          -14.97           6.381
              30          -5.005           5.999
              31           35.44            6.44
              32          -10.12             6.8
              33           -42.8           6.991
              34          -7.018           6.473
              35           12.75           6.654
              36          -41.61           6.934
              37          -26.16           6.753
              38         -0.8348           6.218
              39           41.17            6.84
              40          -17.46           7.088
              41          -6.158           6.757
              42           2.727           6.539
              43           34.41           6.881
              44          -45.84           6.623
              45           -9.63           6.856
              46           8.076           6.498
              47           62.31            7.05
              48          -1.173           6.295
              49          -23.68           6.372
              50           3.345           6.049
              51           29.62           6.544
              52          -10.38           6.339
              53          -18.79           6.239
              54          -12.38           6.161
              55           25.22           6.365
              56          -26.55           6.478
              57           -3.08           6.191
              58         0.06867             6.2
              59           40.45           6.578
              60          -18.37           6.277
              61          -21.48            6.23
              62            12.5            6.19
              63           44.21           7.503
              64          -4.469           6.427
              65          -25.93           6.976
              66          -6.939           6.388
              67           17.12           6.679
              68          -9.029           6.635
              69           -7.67           6.814
              70          -8.169            6.51
              71           15.37            6.72
              72          -22.05           6.693
              73          -7.759           6.819
              74           8.046           6.613
              75           46.34           6.711
              76          -18.77           6.392
              77          -14.18           6.559
              78           17.78           6.499
              79           63.29           6.885
              80          -19.15           6.686
              81          -29.61           6.471
              82          -22.21           6.169
              83           38.35            6.38
              84          -21.91           6.798
              85          -13.63           6.366
              86          -9.923           6.232
              87           49.96           6.518
              88           -22.6           6.645
              89          -27.25           6.311
              90          -9.444           6.317
              91           66.53           6.745
              92          -25.47           6.353
              93          -28.21           6.363
              94            5.24           5.973
              95           37.55           6.515
              96          -37.29           6.732
              97           -5.51           6.655
              98          -6.835           6.709
              99           11.17           6.739
             100          -26.66           6.909
             101          -16.64            6.83
             102           -13.6           6.654
             103           48.21           6.788
             104          -15.85           6.705
             105          -21.03            7.54
             106           11.61           6.872
             107           50.66           6.914
             108          -30.43           6.491
             109          -6.197           6.612
             110           25.13           6.529
             111           77.39            6.84
             112          -16.89           6.608
             113          -25.71           6.301
             114          -3.175            6.02
             115           42.56           6.527
             116          -22.65           6.516
             117           7.319           6.098
             118          -1.301           5.796
             119            39.5           6.421
             120          -18.46           6.498
             121          -10.93           6.336
             122           4.818           5.955
             123           40.57           6.497
             124          -14.86            6.23
             125          -8.514           5.984
             126           6.806           6.034
             127           96.17           6.939
APV                3              20               2               1
               0             275           48.99
               1           80.27           40.52
               2           83.69           44.59
               3           45.11           46.15
               4          -10.24            35.1
               5          -13.72            36.1
               6          -7.511           34.18
               7          -15.18           29.34
               8          -39.18           20.65
               9          -58.22           17.17
              10          -57.53           13.43
              11          -31.34           12.01
              12          -64.66           11.05
              13          -70.82           10.47
              14          -6.697           9.878
              15            12.7           9.199
              16          -6.252             8.7
              17           -35.7           8.092
              18           -5.46           7.517
              19          -12.91           7.602
              20          -10.11           7.557
              21          -31.04           7.281
              22          -17.12           7.218
              23           15.56           7.153
              24          -13.06           7.391
              25          -25.66            7.35
              26           1.198           6.824
              27           13.28           7.418
              28          -7.029           7.053
              29          -25.83            7.11
              30         -0.3866           6.696
              31           21.57           7.398
              32           5.529           7.681
              33          -25.73           7.976
              34           2.199           7.094
              35           5.115           7.185
              36          -16.24            7.56
              37          -19.97           7.732
              38           17.51           7.638
              39           16.16           7.417
              40           -41.6           8.019
              41             -15           7.806
              42           23.19            7.89
              43           28.27           7.625
              44          -39.84           7.667
              45          -24.86            7.93
              46           23.67            7.52
              47           31.42           7.797
              48           1.079           7.062
              49          -25.26           7.162
              50            5.02           6.881
              51           23.18           7.152
              52          -10.28           7.084
              53          -29.46           7.029
              54           9.526           6.998
              55           10.03           6.953
              56          -15.05           7.413
              57          -16.86           7.313
              58            15.9           7.232
              59           9.956           7.137
              60          -22.62           7.179
              61           -18.4           7.012
              62           20.55           6.897
              63            25.7           7.285
              64          -5.964           8.042
              65          -7.972           7.761
              66          -1.208           7.163
              67           13.28           7.292
              68          -8.205           7.507
              69          -11.58           7.883
              70          -10.91           7.313
              71           23.11           7.524
              72          -21.54           7.528
              73          -1.738            7.92
              74           15.19           7.563
              75           22.35           7.689
              76          -29.69           7.499
              77          -11.93           7.227
              78            16.5           7.375
              79           34.02           7.545
              80         0.04184            7.26
              81          -24.43           7.358
              82            1.44           6.823
              83            1.65           6.874
              84          -1.155           7.234
              85          -28.33           7.307
              86           4.517           6.766
              87           14.66           7.076
              88          -29.49           7.381
              89          -40.65           7.352
              90         -0.6577           6.851
              91            27.3           7.461
              92          -9.812           7.081
              93          -17.85            7.18
              94           4.627           6.713
              95           41.58           7.385
              96         -0.1508           7.324
              97          -19.98           7.841
              98           4.367           7.483
              99           7.131           7.382
             100          -3.468           7.382
             101          -28.86           7.602
             102           7.763           7.359
             103            17.5           7.543
             104           -9.37           7.567
             105          -23.43           8.403
             106          0.3125           7.437
             107            38.9            7.67
             108          -24.29           7.573
             109          -28.61           7.597
             110           15.81           7.526
             111           70.26           7.796
             112          -13.38           7.572
             113          -17.09           7.233
             114           17.92           7.116
             115            17.1           6.998
             116          -3.615           6.793
             117          -6.711           6.865
             118           11.31           6.794
             119         -0.5936           6.531
             120          -20.19           7.288
             121          -28.74           7.163
             122           23.08           7.107
             123           37.59            7.37
             124          -13.73           7.133
             125          -6.006           6.739
             126           16.13           6.845
             127            76.2           7.842
APV                3              20               2               6
               0           266.2           52.24
               1           77.55           43.57
               2           61.54              46
               3           60.44           47.15
               4          -9.111           34.98
               5          -14.84           36.48
               6          -19.32           34.55
               7          -1.933           29.34
               8          -80.86           20.14
               9          -74.36           16.23
              10          -86.59           12.37
              11          -11.52           10.86
              12          -84.15           9.993
              13          -55.08           9.294
              14          -21.54           8.724
              15            33.8           8.283
              16          -24.51           7.519
              17          -55.43           6.659
              18          -18.99           6.115
              19           11.53           6.037
              20          -37.34           6.199
              21           -28.5           5.681
              22          -1.383           5.253
              23           39.65           5.588
              24          -30.93           5.936
              25          -27.67           5.724
              26          -16.37           5.537
              27           37.98           5.873
              28           -32.5           5.569
              29          -14.01           5.532
              30           20.91           5.529
              31           81.19           5.989
              32          -4.569           5.901
              33          -37.02           6.214
              34          -19.79           5.992
              35           28.45            6.04
              36          -41.46            6.02
              37          -27.14           5.959
              38          -5.008           5.596
              39           38.87           6.121
              40          -31.76           6.274
              41          -37.45           6.206
              42           5.197           5.907
              43           43.34           6.328
              44          -22.57           6.103
              45          -5.966           6.058
              46           24.49           5.866
              47           82.08           6.581
              48          -9.183           5.802
              49          -24.77           5.563
              50           2.297           5.186
              51           29.64           5.569
              52          -38.32           5.612
              53          -31.01           5.323
              54          -14.28           5.294
              55           38.88           5.579
              56          -28.93           5.711
              57           -26.7           5.479
              58          -5.804           5.305
              59           50.08           5.966
              60          -39.21           5.393
              61          -29.26           5.283
              62           17.37           5.184
              63           94.66           6.122
              64          -13.47           5.862
              65          -22.55           6.164
              66          -18.82           5.655
              67           24.37           5.816
              68          -35.82           5.928
              69          -18.32            6.21
              70          -10.05           5.839
              71           47.61           6.177
              72          -47.67            5.66
              73          -15.32           6.225
              74          -12.78            5.81
              75           43.93           6.006
              76          -39.85           5.649
              77          -16.64           5.835
              78           5.667           5.505
              79            82.6            6.29
              80          -32.18           5.829
              81          -32.94           5.688
              82          -22.09           5.314
              83           19.15           5.748
              84          -21.71           5.995
              85          -15.76            5.68
              86           3.626           5.134
              87           56.45           5.685
              88          -47.26            5.86
              89           -28.1           5.592
              90         -0.3806           5.034
              91           74.17           5.815
              92          -29.28            5.56
              93          -32.37            5.47
              94            13.1           5.513
              95           111.5           6.291
              96          -22.84           6.062
              97          -16.87           6.083
              98          -4.391           5.845
              99           21.18           6.186
             100          -39.83           6.049
             101          -14.31           6.224
             102          -7.451           5.679
             103           44.15           6.081
             104          -41.46           5.893
             105          -24.69           6.657
             106           10.13           5.914
             107            71.8            6.36
             108          -27.45           5.896
             109          -12.47           6.051
             110           12.79           5.695
             111           110.8           6.436
             112           3.391           5.573
             113          -9.509           5.484
             114          -17.23           5.404
             115           18.91           5.616
             116          -36.45           5.656
             117          -37.78           5.244
             118          -2.412           4.956
             119           41.74           5.592
             120          -40.88           5.672
             121          -15.73           5.423
             122           16.96           5.275
             123           62.78           5.783
             124          -25.18           5.414
             125          -29.68           5.213
             126           20.72           5.326
             127           118.8           6.335
APV                3              20               2               7
               0           194.5           47.21
               1           34.38           37.38
               2           59.59           41.36
               3           79.73           43.27
               4          -61.43           35.63
               5          -41.85           35.22
               6          -1.516           35.02
               7           17.46           31.49
               8          -90.88           24.78
               9          -75.18           22.57
              10          -50.83           11.94
              11          -5.183           10.11
              12          -66.19           9.527
              13          -59.05           7.679
              14           -9.95           18.61
              15           46.69           17.64
              16          -70.14           23.45
              17          -61.51           6.919
              18          -15.35           4.091
              19           55.09            20.7
              20          -70.75           17.51
              21          -41.44           5.937
              22          -14.99           15.63
              23           31.24           12.55
              24          -49.25           5.553
              25          -35.35           17.72
              26           6.274           16.58
              27            45.1           9.229
              28          -44.88           5.641
              29          -11.17           3.698
              30           35.57           5.411
              31            55.5           5.817
              32          -65.71           16.86
              33          -46.36           6.303
              34          -20.62           3.463
              35           43.64           11.47
              36          -57.88            13.6
              37          -18.27           14.29
              38           -12.2           18.53
              39           43.67           6.327
              40          -30.35           6.127
              41          -21.59           6.036
              42           20.26           19.09
              43              52           14.37
              44          -35.28           12.51
              45          -7.613           17.33
              46           45.24           6.121
              47           79.34           6.498
              48          -46.34           5.636
              49          -42.86           17.38
              50           11.45           17.53
              51           51.23           16.69
              52          -35.71           5.975
              53          -37.22           16.57
              54           9.746           6.018
              55           52.77            18.3
              56          -42.34           8.451
              57          -30.85            11.8
              58           32.41           5.599
              59           65.96           20.88
              60           -32.2           10.26
              61          -22.66           3.972
              62            57.4           20.79
              63            75.2           4.508
              64          -52.18           8.573
              65          -32.98           6.288
              66          -6.775           3.572
              67           66.92           17.15
              68          -69.32           14.99
              69          -42.56           6.405
              70          -1.776           5.543
              71           65.77           12.76
              72          -54.85           5.853
              73          -21.31           6.241
              74           24.04           20.29
              75           55.31           7.789
              76          -32.57           14.66
              77          -30.09           14.97
              78           39.89           19.14
              79            79.5           4.364
              80          -56.79           5.661
              81          -48.44            12.5
              82          -12.01           17.46
              83           46.04           18.72
              84          -58.03           17.63
              85          -31.77              16
              86           9.846           9.483
              87           36.07           20.54
              88          -46.81           24.78
              89          -28.22           7.627
              90           40.67           18.06
              91           50.28           4.292
              92          -28.75           19.86
              93          -11.66           4.353
              94           51.19           5.391
              95           92.11           5.989
              96          -58.64           5.779
              97          -45.02           16.02
              98          -4.079           17.35
              99           55.42           6.472
             100          -38.14           6.145
             101          -29.51           17.82
             102          -2.082            11.3
             103           45.75           15.77
             104          -44.65           12.07
             105          -8.851           14.33
             106           34.13           17.01
             107           46.98           21.86
             108          -23.27           18.45
             109           -2.93           6.172
             110           35.02            18.8
             111           87.88           4.317
             112          -47.72           9.223
             113          -50.56           16.56
             114           9.623            12.7
             115           57.24           5.853
             116          -41.38            5.57
             117          -27.03           5.329
             118           19.93           19.22
             119           51.27           21.05
             120          -26.19           17.07
             121          -5.794           4.052
             122           18.88           16.13
             123           74.41           6.106
             124          -29.22           16.72
             125          -20.45           4.018
             126           42.96           9.055
             127           125.2           6.193
APV                3              20               0               0
               0           201.7           50.87
               1           64.21           44.33
               2           76.77           47.33
               3           69.19           53.11
               4          -54.03           43.19
               5          -50.41           38.64
               6          -15.59            40.3
               7          -3.338           36.65
               8          -104.2           30.91
               9          -78.99           30.37
              10          -92.59           19.89
              11          -46.34           13.34
              12          -105.4           24.39
              13           -66.1           22.22
              14          -14.15           10.55
              15           13.23           9.829
              16           -59.8           15.63
              17          -81.11           8.769
              18          -25.15           17.57
              19           6.689           6.827
              20          -72.39           5.803
              21          -35.52           5.534
              22          -14.66           6.868
              23           38.22           18.42
              24          -62.28           5.639
              25          -31.71           21.09
              26           12.98           5.069
              27            51.7           10.07
              28           -35.7           22.18
              29          -8.798           18.07
              30           8.631           7.126
              31           55.75           7.308
              32          -41.66            8.88
              33          -52.23           18.26
              34          -11.73           3.781
              35           48.43           14.99
              36          -52.81           12.42
              37          -16.59           5.637
              38           20.24           13.94
              39           47.68           13.49
              40          -53.23           7.169
              41          -14.23           19.81
              42           10.79           6.995
              43           45.72           6.861
              44          -29.03           17.02
              45          -1.352           20.23
              46           35.48           26.19
              47           72.58           7.394
              48          -41.88           7.115
              49          -41.88            13.5
              50           11.39           6.451
              51           53.77           5.744
              52          -68.64           11.31
              53          -24.03           5.946
              54           23.93           6.406
              55           49.46           6.267
              56          -32.06           4.658
              57           7.028           24.58
              58           46.48           6.129
              59           35.34           13.55
              60          -38.01           20.89
              61          -9.253           13.39
              62           37.05           9.911
              63           44.29            7.17
              64          -63.31           6.818
              65          -36.52            26.5
              66           6.257           18.84
              67           45.43           6.847
              68          -50.62           15.73
              69           -15.3           10.89
              70           16.68           13.21
              71           37.71           18.33
              72          -59.73           9.934
              73           3.753           8.849
              74           10.71            5.34
              75           33.72           26.74
              76          -15.81           11.34
              77          -2.359           17.01
              78           18.66           24.82
              79           69.17           11.24
              80          -50.66           7.279
              81          -27.83           4.265
              82            11.9           16.54
              83           47.15           7.664
              84          -37.73            19.7
              85          -23.19           22.34
              86           13.33           17.78
              87           53.21           7.512
              88          -38.83           12.15
              89          -15.94           5.547
              90           28.76           5.397
              91           41.44           6.498
              92             -19           4.773
              93            9.21           3.543
              94           31.24           24.59
              95           72.39           6.895
              96          -50.04           19.39
              97          -40.27            11.6
              98         -0.2026           18.24
              99           47.87           7.046
             100          -60.47           13.11
             101          -27.19           7.063
             102           14.86           20.95
             103           46.08           16.04
             104          -43.33           7.299
             105          -4.277           20.94
             106           35.71           6.948
             107           47.31           12.03
             108          -26.04           6.737
             109           2.383           11.04
             110           55.44           24.06
             111           83.43           7.125
             112          -54.49           7.158
             113          -8.666           4.899
             114           24.34           5.116
             115            55.6           6.215
             116          -41.75           4.297
             117          -1.906           12.89
             118           34.65           6.273
             119           46.63           6.366
             120          -44.87           21.38
             121           6.579           9.746
             122            50.8            7.99
             123           55.48           6.534
             124          -22.89           5.688
             125          -1.877           3.271
             126           45.43           16.51
             127           80.53           7.005
APV                3              20               0               1
               0           246.6           53.04
               1           75.96           45.43
               2           54.59           49.26
               3           78.35           54.07
               4           -34.1           38.86
               5          -59.96           40.36
               6          -6.257           38.68
               7           7.462           33.68
               8          -86.17           25.06
               9          -97.41            19.9
              10          -115.4           15.47
              11          -45.07           13.46
              12          -94.62           12.17
              13          -76.86            11.3
              14          -2.962           10.32
              15           17.03           10.11
              16           -33.9            9.53
              17          -59.11           8.122
              18          -27.13           7.336
              19           30.82           6.999
              20          -57.18           6.835
              21          -49.55           6.639
              22           6.308           6.221
              23           47.15           6.533
              24          -35.09           6.694
              25          -36.43           6.648
              26           14.32            6.43
              27           24.39           6.695
              28          -27.61           6.424
              29          -27.38           6.462
              30           31.88           6.315
              31           35.33           6.383
              32          -23.46           6.906
              33          -27.32           6.991
              34           10.57           6.404
              35           51.73           6.786
              36          -32.66           6.884
              37          -37.68           6.735
              38           19.81           6.599
              39           31.72           6.741
              40          -34.69           7.144
              41           -37.1           7.078
              42           33.09           6.979
              43            46.5           6.791
              44          -36.45           6.741
              45          -6.727           6.824
              46           39.33           6.699
              47           52.86           6.971
              48           -19.8           6.595
              49          -29.63           6.436
              50         -0.6543           6.031
              51           48.25           6.444
              52          -24.44           6.381
              53          -33.54           6.124
              54           18.93           6.104
              55           24.66           6.334
              56          -28.93           6.535
              57          -33.57           6.254
              58           37.77           6.518
              59           32.22           6.613
              60          -28.94           6.368
              61          -16.49           6.072
              62           38.93           6.173
              63           56.57           6.631
              64          -37.92           7.351
              65          -35.13            7.51
              66           8.141           6.442
              67           51.62           6.676
              68          -34.59           6.695
              69          -39.83           7.432
              70         -0.8216           6.293
              71           39.84           6.676
              72          -31.51           6.527
              73          -18.42           8.016
              74           35.65           6.709
              75            45.4           6.754
              76          -24.12           6.513
              77          -2.273           6.293
              78            39.6           6.614
              79           41.78           6.665
              80          -35.74           6.665
              81          -44.36           6.324
              82           23.05           6.379
              83           36.67           6.569
              84          -10.62           6.661
              85          -20.85           6.377
              86           21.25           6.358
              87           33.65           6.423
              88           -33.7           6.619
              89           -28.9            6.52
              90           15.87           6.445
              91           37.51           6.543
              92          -18.74           6.473
              93          -23.86             6.4
              94           47.76            6.33
              95           43.69           6.634
              96          -38.36           6.675
              97          -26.71           6.849
              98           25.06           6.928
              99           36.32           6.805
             100          -37.52           6.725
             101          -34.92           6.596
             102           19.38           6.711
             103           36.77           6.748
             104          -24.11           6.696
             105          -29.87           8.101
             106           25.03           6.983
             107           38.81           6.927
             108          -36.83           6.577
             109          -11.62           6.518
             110           61.84           6.749
             111           67.85           6.972
             112          -35.68           6.671
             113          -36.38           6.201
             114           7.637           6.197
             115           31.89           6.477
             116          -33.12           6.355
             117          -27.48           6.087
             118           16.72           6.189
             119           43.61           6.459
             120          -29.11           6.473
             121          -24.56           6.336
             122           33.06           6.204
             123           54.56           6.555
             124          -19.89           6.217
             125          -11.81           6.035
             126           45.26           6.227
             127           48.84           6.791
APV                3              20               0               6
               0           275.5           53.14
               1           100.8           47.58
               2            85.3            48.8
               3           50.45           53.97
               4          -25.52           37.87
               5          -17.71           37.02
               6          -1.161           39.39
               7           4.091           34.01
               8          -48.04           33.95
               9          -65.14           19.15
              10          -107.5           21.28
              11          -60.39           12.73
              12          -61.79           19.15
              13          -49.32            24.5
              14          -37.79           10.52
              15          -3.217           8.499
              16          -27.88           15.36
              17             -36           8.543
              18          -2.321            5.07
              19            5.27           11.39
              20          -38.82           5.067
              21          -10.67           4.621
              22           12.24           13.54
              23            18.8            21.7
              24          -37.39           23.04
              25          -11.49           10.68
              26            3.25            5.12
              27           1.659           13.88
              28           5.281           13.14
              29          -11.97           11.91
              30          -1.332           5.562
              31           20.19           8.199
              32          -18.26           6.041
              33           -8.14           4.665
              34          -5.122           3.889
              35           2.795           13.26
              36           -28.3           6.048
              37            2.49           8.912
              38          -5.024           18.73
              39           19.18            21.8
              40          -16.19           9.433
              41          -10.41           10.68
              42          -3.596           16.98
              43           20.38           16.73
              44           1.315           10.54
              45           2.854           23.56
              46          -4.467           6.076
              47           29.81           13.29
              48          -8.405           6.004
              49           -17.1           7.108
              50           22.45           5.751
              51           18.36           6.632
              52          -26.94           5.611
              53          -3.185           26.52
              54          -11.97           16.96
              55           3.059           15.05
              56          -19.24            24.6
              57          -15.25           6.023
              58          -1.502           5.415
              59           23.71           4.072
              60           3.502           6.404
              61          -1.357           13.24
              62           5.043            8.61
              63           12.32           6.283
              64           -24.3           16.31
              65          -10.74           8.412
              66         -0.1417           5.513
              67           2.908           5.616
              68          -15.09           6.339
              69          -17.57           26.61
              70            3.09           15.15
              71           13.88           20.22
              72          -10.62           25.05
              73            10.2           24.35
              74         -0.1944           15.53
              75          0.3013           17.86
              76          -17.62           13.65
              77          -11.52           19.56
              78           13.02            8.21
              79           32.25           9.822
              80          -4.711           5.159
              81          -2.355           10.38
              82           25.02           18.03
              83           32.25           17.85
              84          -11.14           7.969
              85           6.461           5.325
              86          -10.96           16.67
              87           24.99           22.89
              88         0.05526           7.798
              89          -7.017           12.68
              90           13.12           5.773
              91             7.3           8.097
              92           -8.04            4.95
              93          -6.317           4.051
              94           13.99           23.18
              95            24.3           6.716
              96          -11.53            5.97
              97          0.3906           9.063
              98          -1.533           5.825
              99           22.42           16.53
             100          -26.62           23.83
             101          0.8336           28.15
             102         0.05105           16.84
             103           16.06           10.43
             104           -16.5           22.69
             105           7.323           14.11
             106           4.603           12.73
             107           16.63           7.579
             108          -2.645           4.874
             109          -1.607            12.3
             110           12.79           11.25
             111           18.76           4.661
             112          -10.51            5.53
             113           10.52            6.16
             114           21.31            20.1
             115           12.73           10.63
             116          -19.96           23.88
             117          -12.83           6.724
             118          -6.673            16.2
             119           16.29           19.71
             120          -10.97           9.145
             121          -12.04           23.79
             122           13.37           4.738
             123           15.56           6.603
             124          -9.856           5.694
             125          -4.639           3.906
             126           11.58           9.413
             127          -3.677           10.06
APV                3              20               0               7
               0             264           51.33
               1           113.2           46.43
               2           88.56           46.81
               3           49.75           51.12
               4          -21.32           36.89
               5          -11.43           35.73
               6          -17.58           34.11
               7          -18.93           30.06
               8          -77.88           23.44
               9          -55.89           18.43
              10          -95.97           14.11
              11          -52.64           11.83
              12          -69.26            10.9
              13          -40.97           10.53
              14          -19.18           9.947
              15          -12.27           23.25
              16          -47.01           8.695
              17          -21.32           7.329
              18          -27.46           6.355
              19          -4.625           5.606
              20          -37.14           5.755
              21          -27.98            5.39
              22             -13           5.513
              23           19.68           16.17
              24          -32.76           5.722
              25          -2.389            4.97
              26           7.639           5.085
              27            15.4           5.232
              28          -8.293           5.144
              29           7.982           5.135
              30           20.06           5.294
              31           41.85           12.39
              32          -19.84           5.818
              33          -16.46           5.809
              34           4.656           5.528
              35           15.09           20.21
              36          -25.55           6.095
              37          -18.01           5.452
              38         -0.7644           5.078
              39           21.31           10.78
              40          -29.11           5.884
              41          -11.28           5.667
              42           1.257           5.268
              43           24.07           5.634
              44          -38.18           5.332
              45          -9.469            5.78
              46           22.39           5.817
              47           46.33           16.13
              48          -20.21           5.519
              49          -9.308           5.037
              50          -3.877           4.756
              51           25.17           5.811
              52          -29.16           5.198
              53          -9.559           4.927
              54           7.067           4.823
              55           31.82           5.399
              56          -7.212           4.996
              57           6.741           4.954
              58            22.6           5.243
              59           26.22           15.06
              60          -18.15           5.207
              61          -8.193           4.872
              62            23.6           4.918
              63           42.55           5.342
              64           -42.8            5.55
              65          -16.23           6.628
              66          0.4248           5.018
              67           19.88           14.22
              68          -14.11           5.794
              69          -3.337           6.276
              70          -1.186           5.181
              71           18.39           14.94
              72          -30.71           5.647
              73          -8.649           7.183
              74          -5.074           4.934
              75           10.89           5.763
              76             -18           5.301
              77           4.437           5.054
              78           25.16           5.544
              79           37.49           5.598
              80          -25.44           5.382
              81          -16.19           5.132
              82           -16.8           5.029
              83            6.63           5.035
              84          -35.23           5.616
              85          -11.79           5.139
              86          -4.751           4.755
              87           23.33            7.15
              88          -27.01            5.22
              89          -9.317           5.154
              90         -0.2993           5.157
              91            24.9            22.8
              92          -14.66           5.657
              93          -11.99           5.109
              94           19.87           6.739
              95           44.94           5.296
              96             -25            5.46
              97           6.093           5.406
              98           10.93           5.518
              99           24.44           5.508
             100          -19.32           5.627
             101         -0.2629           5.143
             102           6.757           5.374
             103           40.19           5.436
             104          -23.26           5.369
             105          -12.44           7.208
             106           5.519             5.8
             107           34.01            22.6
             108          -18.27           5.852
             109          -17.19           5.572
             110           23.56           5.561
             111           55.76           5.539
             112          -25.58           5.274
             113          -8.453             4.9
             114           9.243           5.384
             115           10.92           17.97
             116          -19.01           5.467
             117          -14.09           4.887
             118          0.1772           4.862
             119            28.6           12.85
             120          -22.85           5.407
             121         0.01041           4.649
             122           25.03           5.073
             123           25.67           11.43
             124          -15.85           5.122
             125          -2.367            4.42
             126           12.84           6.403
             127           30.01           5.669
